,floorplan_name,nr_sim,fs_sim,rl_sim,rc_sim,rs_sim,rsl_sim
0,01_01_a0101135010000300016z,0.5,1.2308112346891893,28.0,17.0,1.7479759793211838,1.4245012852057295
1,01_01_a0101135010000300031z,0.6666666666666666,0.3904893747113759,32.0,10.0,1.002322993747903,0.8929329467610936
2,01_01_a0101135010000300042z,1.0,0.0,0.0,0.0,0.0,1.1102230246251563e-16
3,01_01_a0101135010001100026z,0.6666666666666666,0.3388458090214502,32.0,15.0,0.09140192638086196,0.6672131342543156
4,01_01_a0101135010001100037z,0.6666666666666666,0.3424433238497586,32.0,15.0,0.09211915934996433,0.6667117140229576
5,01_01_A0101135010001900032z,0.5,0.2832560864690939,30.0,14.0,1.0011020652462617,0.4594080205486623
6,01_01_A0101135010001900041z,0.6666666666666666,0.19252234083348466,35.0,11.0,0.07185833721111061,0.7405108899672835
7,01_01_a0101135010002200032A,0.5,0.4426639219517127,32.0,13.0,1.4153828607870302,0.9057192202775048
8,01_01_a0101135010002200032B,0.5,0.2970230305993058,34.0,19.0,1.4152153582065954,0.7986655380844709
9,01_01_a0101135010002200032D,0.5,0.5414227743870357,34.0,18.0,1.4168868263849383,0.8377129687364524
10,01_01_A0101135010002600058a,0.3333333333333333,0.2669299911626348,74.0,40.0,1.0055105969279468,1.0142176159893526
11,01_01_A0101135010002600058b,0.5,0.19918780347559414,55.0,30.0,1.0011439869274987,0.964053483042143
12,01_01_A0101135010002600058c,0.5,0.19918780347559414,55.0,30.0,1.0012457535273835,0.971168170056424
13,01_01_A0101135010002600066z,0.5,0.4218905647514413,59.0,30.0,0.09787494371116942,0.8823151520792016
14,01_01_a0101135010002600076z,0.5,0.4556522819795463,75.0,38.0,0.13965891724668364,1.083858991787632
15,01_01_a0101135010002600077z,0.3333333333333333,0.35614296490387565,29.0,18.0,1.7344531266719392,0.9439287560993684
16,01_01_a0101135010003000030z,0.5,0.3653079736280224,26.0,17.0,1.7334680529084263,0.6921274209780017
17,01_01_a0101135010003000032z,0.6666666666666666,0.2611204360604007,25.0,13.0,1.4143555528072993,0.6725232161848851
18,01_01_A0101135010003800014z,0.3333333333333333,0.7451096378249904,45.0,27.0,2.0143287557626084,1.3686935917509997
19,01_01_a0101135010004900033A,0.6666666666666666,0.5299523095232378,27.0,6.0,1.4178393995552536,0.8562440322394178
20,01_01_a0101135010004900038z,0.5,0.5653705431497131,31.0,14.0,1.4147675366359491,0.7820559967416004
21,01_01_a0101135010004900043z,0.6666666666666666,0.3830127535511859,31.0,10.0,1.0010476715479888,0.8095193508087465
22,01_01_a0101135010005200042z,0.5,0.3434057442991384,55.0,26.0,1.0117796747799246,1.001964971889865
23,01_01_a0101135010005200043z,0.5,0.18563423722075675,50.0,21.0,1.006918421430932,0.8518183042545096
24,01_01_a0101135010005200054z,0.5,0.5039387590417671,60.0,26.0,0.1046304082555686,0.8393126014054996
25,01_01_a0101135010005600032z,0.6666666666666666,0.3788226973402716,35.0,11.0,1.003269072411973,0.7141208139957909
26,01_01_A0101135080001200060z,0.8333333333333334,0.1885434433067774,49.0,22.0,0.1700627768290167,0.7117195939988963
27,01_01_a0101135080001400034z,0.6666666666666666,0.3281268103432295,29.0,13.0,1.0004760145281737,0.7002710740403767
28,01_01_a0101135080001800024A,0.6666666666666666,0.4399572788880445,33.0,11.0,1.002120111590865,0.9579370658965082
29,01_01_a0101135080001800034z,0.5,0.15528508298458815,30.0,16.0,1.0003974765532797,0.42537326123277663
30,01_01_a0101135080002300017z,0.3333333333333333,0.5626731990618561,44.0,21.0,1.7414983448024666,1.182366840442846
31,01_01_a0101135080002300020z,0.3333333333333333,0.5614613591278627,43.0,21.0,1.7414688231456952,1.1884382311093062
32,01_01_A0101135080004400016z,0.3333333333333333,1.0949144590190036,45.0,27.0,2.0155308818903586,1.5653435310332742
33,01_01_A0101135080004400020z,0.6666666666666666,0.5056771506088235,35.0,19.0,1.4292001048210203,1.097039587975206
34,01_01_A0101135080004400021z,0.5,0.9153454830053668,40.0,25.0,1.7517126220187282,1.4777414461444276
35,01_01_A0101135080004400032z,0.5,0.5213021506088235,33.0,18.0,1.735813909544623,0.9534068587997084
36,01_01_A0101135080004400047z,0.5,0.2217059987879071,45.0,22.0,1.003022308146894,0.8587036927737048
37,01_01_a0101135080004500034A,0.8333333333333334,0.3657689901460665,22.0,11.0,1.003133065376136,0.6675398075551988
38,01_01_a0101135080005500017z,0.3333333333333333,0.21880629238878,42.0,24.0,2.0071757408544593,0.9645069356504056
39,01_01_a0101135080005500019z,0.3333333333333333,0.2029017198241677,41.0,24.0,2.0073619656239483,0.9483523380185772
40,01_01_a0101135080005500022z,0.3333333333333333,0.19565063714190456,41.0,24.0,2.006741203563884,0.9408900441284932
41,01_01_a0101135080005500026z,0.3333333333333333,0.19565063714190456,42.0,24.0,2.005765493528008,0.9962695504395273
42,01_01_A0101135080005700022z,0.5,0.5856903681314821,34.0,15.0,1.417045095087961,1.049910219043854
43,01_01_a0101135080005800031z,0.5,0.3916641867414511,30.0,13.0,1.4155510176251391,0.8701928490244674
44,01_01_a0101135080005800046z,0.6666666666666666,0.2524373317251224,12.0,8.0,1.0019694389172709,0.4441069353418003
45,01_01_a0101135080005800047A,0.6666666666666666,0.3553443580696487,26.0,11.0,1.0011607460714218,0.7831255897520714
46,01_01_a0101135080005800047z,0.6666666666666666,0.3590523147802164,26.0,11.0,1.001385463728106,0.7828139166734357
47,01_01_a0101135080007000014z,0.3333333333333333,1.1875948110408932,45.0,27.0,2.016743951263884,1.5048191547211769
48,01_01_a0101135080007000018z,0.3333333333333333,1.4062318559143834,43.0,27.0,2.0196559765720488,1.6285559372755642
49,01_01_A0101135080007100014z,0.16666666666666666,0.7294846378249904,42.0,22.0,1.7357750041592601,1.2592125707655153
50,01_01_A0101135080007100015a,0.16666666666666666,0.7382364998772317,44.0,19.0,1.7352448393919773,1.1378996188824868
51,01_01_a0101135080007500020z,0.3333333333333333,0.24758003271926246,35.0,19.0,2.0045357838899336,0.8930459512406848
52,01_01_a0101135080007500021b,0.6666666666666666,0.1429471991858569,29.0,15.0,1.4164999086364711,0.8199312639599169
53,01_01_a0101135080007500021c,0.3333333333333333,0.30663755766876943,28.0,17.0,2.0014380305984023,0.8001448488270259
54,01_01_a0101135080007500026a,0.6666666666666666,0.521829054807005,27.0,12.0,1.4170628608930418,0.8495805048896252
55,01_01_a0101135080007800024z,0.5,0.7608612890402087,32.0,15.0,1.420796316980541,1.1115314404592604
56,01_01_a0101135080008200031A,0.5,0.19111267208524532,24.0,13.0,1.4144049849574283,0.5066709510621382
57,01_01_a0101135080008200031B,0.5,0.1910152076825956,24.0,13.0,1.4144167181350142,0.5091736363994706
58,01_01_a0101135080008200031C,0.5,0.2379876720852453,26.0,13.0,1.41437792147699,0.4925919414580384
59,01_01_a0101135080008500034a,0.5,0.3332454125332032,34.0,18.0,1.4159391350113086,0.9099146874223132
60,01_01_a0101135080008500034b,0.5,0.5966195480173321,28.0,14.0,1.415590984513363,0.9779127599466066
61,01_01_a0101135080008900015z,0.3333333333333333,0.3689538482416389,33.0,19.0,2.0029681803143493,0.935891151583248
62,01_01_a0101135080008900024z,0.6666666666666666,0.5203449051659528,26.0,15.0,1.4227817966796656,1.059209263190588
63,01_01_a0101135080008900025z,0.6666666666666666,0.3190343362531615,31.0,16.0,1.4180052774553862,0.8685927734906392
64,01_01_a0101135080009700024A,0.6666666666666666,0.4886210830583303,25.0,6.0,1.4170401134510715,0.8703224028062359
65,01_01_a0101135080009700024B,0.5,0.3479960830583303,37.0,17.0,1.4154677202200248,0.8786269539467212
66,01_01_a0101135080009700033A,0.6666666666666666,0.22849379286291915,21.0,8.0,1.4153525111900684,0.6968264278666076
67,01_01_a0101135080009700033B,0.6666666666666666,0.27173726365969864,23.0,8.0,1.001159630320947,0.7085525828263415
68,01_01_a0101135080010200010z,0.3333333333333333,0.7954613216241122,36.0,21.0,2.003408616445145,1.1488928585214897
69,01_01_a0101135080010200044z,0.3333333333333333,0.41592762330838096,46.0,30.0,1.4152632324004253,0.7824263200090886
70,01_01_a0101135080010200049A,0.6666666666666666,0.3566843146523445,31.0,16.0,1.003455202737006,0.7684821889176114
71,01_01_a0101135080010200049B,0.6666666666666666,0.3608626408508626,32.0,16.0,1.003678856517588,0.7758918947117922
72,01_01_a0101135080010200054c,0.6666666666666666,0.4310134539831248,31.0,16.0,1.002945802939004,0.8086986870810937
73,01_01_a0101135080010300019z,0.5,0.4937014581377637,30.0,17.0,1.7344914471131203,0.8735877296607288
74,01_01_a0101135080010300035z,0.5,0.41278290582899296,41.0,19.0,1.0075078530082358,0.8031863855877013
75,01_01_a0101135080010300036z,0.5,0.2185373563617324,40.0,18.0,1.4188915088934644,0.8196166216141161
76,01_01_a0101135080010700022A,0.6666666666666666,0.4990398000705485,30.0,15.0,1.006574997368124,0.9211184281444178
77,01_01_a0101135080010700044z,0.6666666666666666,0.3867306206267974,26.0,12.0,1.0018900113127958,0.7686791084187102
78,01_01_a0101135080010900023A,0.5,0.21742133142989456,25.0,12.0,1.4182678541143052,0.7273031413461257
79,01_01_a0101135080010900023B,0.6666666666666666,0.23797617757582654,19.0,11.0,1.0024996431428832,0.7276435572550742
80,01_01_a0101135080010900023C,0.5,0.1123323951643932,32.0,17.0,1.4161407191638509,0.796512114322928
81,01_01_a0101135080010900033a,0.5,0.2615174094632884,21.0,10.0,1.41516754051213,0.7121200695972122
82,01_01_a0101135080010900044z,0.8333333333333334,0.4809691117899213,36.0,15.0,0.10693667808985503,0.8005949541165678
83,01_01_a0101135080010900055a,0.8333333333333334,0.5693282762104065,43.0,19.0,0.1666782078181869,0.8600917981575433
84,01_01_A0101135080011100012c,0.3333333333333333,0.8068642756341775,33.0,19.0,2.004593470749134,1.1734785283549032
85,01_01_A010113508001110007b-1,0.16666666666666666,0.6126594794011446,41.0,21.0,2.0099054659198523,1.1667743225370588
86,01_01_A010113508001110007b,0.16666666666666666,0.4149500671485207,45.0,24.0,2.0044260579342037,1.0076829171405512
87,01_01_a0101135080011300055z,0.6666666666666666,0.4167727035153135,27.0,18.0,0.1707420760239942,0.7946410665237671
88,01_01_a0101135080011300061z,0.6666666666666666,0.4762398147802164,39.0,23.0,0.10785261665796188,0.8402079748503393
89,01_01_a0101135080011900033A,0.5,0.33783821556350624,30.0,19.0,1.0016535663333908,0.8696961170355836
90,01_01_a0101135080011900033b,0.6666666666666666,0.2345230305993058,45.0,15.0,1.007665607117448,0.8527307711442589
91,01_01_a0101135080011900033c,0.6666666666666666,0.10774587080975896,33.0,19.0,1.0021494294687594,0.7349872047969233
92,01_01_a0101135080011900043z,0.5,0.30518099506661184,50.0,20.0,1.0044829665463302,0.7848174971973307
93,01_01_a0101135080011900045z,0.5,0.3475657573462361,52.0,22.0,1.0082537539389889,0.8999270299539743
94,01_01_A0101135080012200017f,0.5,0.2410423294875569,29.0,19.0,1.7348738833278057,0.9158548763805062
95,01_01_A0101135080012200018a,0.3333333333333333,0.25842063648808045,31.0,19.0,2.0070357509599925,0.9548505915800582
96,01_01_a0101135080012700048C,0.6666666666666666,0.3441115364590286,45.0,16.0,0.13023777928731664,0.8871976162775449
97,01_01_a0101135080012700056B,0.6666666666666666,0.3950306758809665,48.0,18.0,0.12180119060477235,0.9150629309344308
98,01_01_a0101135080014700026z,0.5,0.6382350409603317,35.0,17.0,1.4172586300348664,1.055533432515645
99,01_01_a0101135080014700028z,0.6666666666666666,0.3488076848729692,23.0,12.0,1.417159208807054,0.8054302579143041
100,01_01_a0101135080014700032A,0.5,0.36835641176603773,26.0,9.0,1.4161542569842047,0.8055601390700553
101,01_01_a0101135080014700033z,0.5,0.3334809170885607,28.0,13.0,1.4153115061048034,0.7364213969958496
102,01_01_a0101135090000300024z,0.5,0.5142418172584214,26.0,15.0,1.7348000854849224,0.7952556765684455
103,01_01_a0101135090000300034z,0.5,0.6160388922016828,32.0,13.0,1.4179938617504184,0.8949138128789383
104,01_01_A0101135090000400023b,0.5,0.418093897381688,26.0,14.0,1.7334678357771949,0.7382182919501308
105,01_01_A0101135090000400032z,0.3333333333333333,0.4577740868990111,34.0,17.0,1.7337506077028757,0.7976126606517826
106,01_01_A0101135090000400034z,0.5,0.43563262874678604,33.0,11.0,1.4199560757891851,0.7636679097995517
107,01_01_A0101135090000400044z,0.5,0.3746042458228722,37.0,23.0,1.0078438531391578,0.8706270443293521
108,01_01_a0101135090000500013z,0.3333333333333333,1.1169536527219759,38.0,21.0,2.0037952408990147,1.3069743597108017
109,01_01_a0101135090000500032z,0.5,0.26803012994797604,26.0,13.0,1.0012180459393938,0.6570509969295304
110,01_01_a0101135090001000033z,0.6666666666666666,0.4115023016662253,25.0,12.0,1.4162054483076023,0.7994631593433289
111,01_01_a0101135090001000044z,0.8333333333333334,0.19056847872140095,25.0,14.0,0.09454325941305904,0.6598109761802821
112,01_01_A0101135090001800024z,0.5,0.3190007763907569,28.0,13.0,1.4197661168540747,0.8633519563944739
113,01_01_A0101135090001800031z,0.6666666666666666,0.10774587080975896,27.0,12.0,1.000300833454341,0.6133292032843506
114,01_01_A0101135090001800033z,0.5,0.2616706331459239,15.0,13.0,1.415220983571192,0.7381686343192336
115,01_01_A0101135090002000025z,0.3333333333333333,0.5896326060228702,35.0,22.0,1.73635386267099,0.9655168298194772
116,01_01_A0101135090002000032z,0.5,0.3144973794260553,31.0,15.0,1.4151233270812071,0.679933452284092
117,01_01_A0101135090002500025z,0.16666666666666666,0.4838327188208352,40.0,23.0,1.7372511305734906,0.9798404969100212
118,01_01_A0101135090002500032z,0.6666666666666666,0.08232223992303622,22.0,12.0,1.0005467642260704,0.42641378639931604
119,01_01_A0101135090003000035z,0.6666666666666666,0.23627571556350624,28.0,15.0,1.0009369766636906,0.6893171613703872
120,01_01_a0101135090003100024z,0.5,0.4406100808885837,29.0,13.0,1.7337108590986745,0.8147679725217217
121,01_01_a0101135090003100042z,0.8333333333333334,0.5768952713126352,29.0,7.0,0.11167813091324907,0.9113873393387452
122,01_01_a0101135090003800024z,0.5,0.4549252332483937,29.0,13.0,1.7340629756455077,0.8179032254038259
123,01_01_a0101135090003800033z,0.6666666666666666,0.4419403827461688,37.0,13.0,1.0040950582589832,0.9089376447927062
124,01_01_a0101135090003800038z,0.8333333333333334,0.6012230721943306,27.0,7.0,0.13206521960889933,0.9078126656583044
125,01_01_a0101135090004400025z,0.3333333333333333,0.4442267858998977,29.0,16.0,2.001076313108415,0.8818356538942388
126,01_01_a0101135090004400027z,0.3333333333333333,0.43811057794882735,29.0,16.0,2.001264040883479,0.8742020847966647
127,01_01_a0101135090004400031z,0.8333333333333334,0.5069027782697769,25.0,7.0,1.0044995913947987,0.9553567014198682
128,01_01_a0101135090004400032z,0.6666666666666666,0.4264774446701345,29.0,7.0,1.0027151152212819,0.8780513001219629
129,01_01_A0101135090004700036z,0.6666666666666666,0.16844364212938095,38.0,16.0,1.0017198600281882,0.8006533630248771
130,01_01_A0101135090004700042z,0.6666666666666666,0.2647958305060349,37.0,19.0,0.057757354658976384,0.8206596061489514
131,01_01_A0101135090004700047z,0.6666666666666666,0.3493513734582431,60.0,21.0,0.07280205866462683,0.8400838890557344
132,01_01_A0101135090004700049z,0.5,0.3102879282071844,60.0,27.0,1.0054447765846741,0.6847608622904381
133,01_01_A0101135090005200045z,0.5,0.3448239067082147,49.0,21.0,0.10681122558981616,0.6026809384765367
134,01_01_a0101135090006400055z,0.6666666666666666,0.7544403827461688,48.0,22.0,0.17630047637551388,1.0530968568834675
135,01_01_a0101135090006400063z,0.5,0.4101539206917114,48.0,25.0,0.11013578194138124,0.8847726627380703
136,01_01_a0101135090006400065z,0.6666666666666666,0.5958288507426593,58.0,25.0,0.15414072931439246,1.0301364680024312
137,01_01_a0101135090006400073z,0.6666666666666666,0.6664643088579669,66.0,37.0,0.1396975710329066,0.9313131896651028
138,01_01_A0101135090006700027z,0.5,0.2092720000645678,19.0,13.0,1.4155434184832354,0.5980157971545841
139,01_01_A0101135090006700032z,0.5,0.40580534806868224,22.0,13.0,1.4151328916053052,0.6671659911498297
140,01_01_A0101135090006700033z,0.5,0.4937043089295996,21.0,10.0,1.4151110939287548,0.8447223611000487
141,01_01_A0101135090006700038z,0.5,0.4376724424258087,33.0,13.0,1.4149177201653211,0.8234815950671621
142,01_01_A0101135090006800022a,0.5,1.086147791586898,41.0,25.0,1.75316832767394,1.5411057121659115
143,01_01_a0101135090006900058z,0.3333333333333333,0.3707637646591134,41.0,24.0,1.0056893594263148,0.8720466804923409
144,01_01_a0101135090007000049z,0.6666666666666666,0.4750413817904192,43.0,16.0,1.0073304782682586,0.7508181884832182
145,01_01_a0101135090007000051z,0.6666666666666666,0.3969163817904192,52.0,26.0,1.0058258553011925,0.7485261382326297
146,01_01_a0101135090007000053z,0.6666666666666666,0.290908326804724,41.0,17.0,1.0026631364019756,0.7739171936308339
147,01_01_a0101135090007900033A,0.5,0.6469221033962058,30.0,17.0,1.4193562415544698,1.1637917395062798
148,01_01_a0101135090007900033C,0.3333333333333333,0.35204869606489897,38.0,23.0,1.7359054655803103,0.9543978926133488
149,01_01_a0101135090007900033D,0.6666666666666666,0.9905516929297612,31.0,18.0,1.4204130063457938,1.3296908696153895
150,01_01_a0101135090008400046A,1.0,0.3894798294875569,23.0,10.0,0.10184262882872568,0.7658977373570414
151,01_01_a0101135090008400046B,0.8333333333333334,0.4018568045564804,24.0,10.0,1.0019968758427988,0.6650989700267708
152,01_01_a0101135090008400052z,0.6666666666666666,0.3312316719393452,31.0,15.0,0.13225526756991973,0.7629858502006879
153,01_01_a0101135090008500022B4,0.5,1.1251733286288328,41.0,25.0,1.750440312487741,1.5731403070773609
154,01_01_a0101135090008500022B5,0.5,1.1251733286288328,41.0,25.0,1.750561315506641,1.5777855446715443
155,01_01_A0101135090008500034B7,0.3333333333333333,0.30143862283167666,33.0,17.0,1.7346698962729987,0.8435885823180754
156,01_01_A0101135090008500035B10,0.5,0.5697956667035714,32.0,16.0,1.7387859428954486,0.9456039533946587
157,01_01_a0101135090008800033z,0.3333333333333333,0.40545436600598417,30.0,13.0,1.7340279297361652,0.8791921164973452
158,01_01_A0101135090009000021e,0.6666666666666666,0.4044294411902472,24.0,16.0,1.4161842789365484,0.9944033401859076
159,01_01_A0101135090009000022b,0.5,0.5201040984017901,33.0,14.0,1.7328968235028284,0.9786613047952436
160,01_01_a0101135090009700040z,0.8333333333333334,0.2295795475943885,23.0,9.0,1.0036848551956257,0.6830363142973265
161,01_01_a0101135090009800032z,0.5,0.4359788817904192,24.0,10.0,1.4157740090530868,0.728423765961588
162,01_01_a0101135090009900032A,0.8333333333333334,0.35914344486999394,19.0,8.0,1.0024591832349592,0.7279282893378834
163,01_01_a0101135090009900032B,0.8333333333333334,0.31857608090797385,17.0,5.0,1.002472499263578,0.5009672907175873
164,01_01_a0101135090009900038z,0.8333333333333334,0.364062115112039,19.0,10.0,1.0030072498487144,0.7255040965678092
165,01_01_a0101135090009900044A,0.6666666666666666,0.4068581364880805,33.0,16.0,0.159195903506071,0.7859082546964568
166,01_01_a0101135090009900044B,0.6666666666666666,0.4594163817904192,34.0,16.0,0.1760780699877093,0.8281203995075509
167,01_01_a0101135090009900050z,0.6666666666666666,0.4584007155635063,25.0,14.0,0.1502093709683434,0.796424800726774
168,01_01_a0101135090009900060z,0.5,0.4662132155635063,32.0,19.0,0.1930230364143414,0.7916937782221345
169,01_01_a0101135090009900072z,0.16666666666666666,0.5868132520066549,52.0,25.0,0.19929350307785373,0.8621445436062946
170,01_01_a0101135090010000058z,0.3333333333333333,1.006694147766896,68.0,29.0,1.4165753752656856,1.096541859809453
171,01_01_a0101135090010700038z,0.6666666666666666,0.5417160260560115,26.0,15.0,1.0009233287723829,0.7153900185449726
172,01_01_a0101135090010700045z,0.6666666666666666,0.492484006117921,38.0,13.0,1.0018115979797413,0.6112531346233016
173,01_01_a0101135090010700050z,0.8333333333333334,0.19767277438703568,35.0,10.0,0.13099128232485027,0.8003336789730311
174,01_01_a0101135090011000033z,0.5,0.22799414206454144,28.0,15.0,1.0007470947429842,0.7001031550549918
175,01_01_a0101135090011000044z,0.6666666666666666,0.15904907285303393,32.0,12.0,0.07024152962813153,0.6209540082811299
176,01_01_a0101135090011100032B,0.6666666666666666,0.22798244633273698,27.0,10.0,1.4162298305770302,0.8370328446415798
177,01_01_a0101135090011100047z,0.6666666666666666,0.25197062607804765,29.0,10.0,1.0023183848756738,0.7982684948525801
178,01_01_a0101135090011500054A,0.3333333333333333,0.2643132763907569,42.0,20.0,1.003172586096395,0.8650041018371881
179,01_01_a0101135090011900051A,0.6666666666666666,0.6398244443770655,41.0,20.0,0.1668288172380102,0.9193122750840408
180,01_01_a0101135090011900051B,0.6666666666666666,0.5373109322817725,36.0,15.0,0.11649543250770007,0.8349528039078727
181,01_01_a0101135090012800031z,0.5,0.17845549529244364,33.0,16.0,1.4149632427195684,0.5686847631964941
182,01_01_a0101135090012800042z,0.6666666666666666,0.197158326804724,40.0,12.0,0.13774652318695202,0.7188809465965936
183,01_01_a0101135100000500027z,0.5,0.4773180608403792,25.0,13.0,1.7343280465276625,0.7475766860151106
184,01_01_a0101135100000500032z,0.6666666666666666,0.33322128339265245,23.0,12.0,1.0004090123474338,0.6537282859710051
185,01_01_A0101135100000600038z,0.6666666666666666,0.14602691601544115,28.0,12.0,1.001128117993794,0.6615843428591321
186,01_01_a0101135100001100031A,0.5,0.3459770863206864,28.0,13.0,1.7326700951862837,0.8526853804918255
187,01_01_a0101135100001100031z,0.5,0.349849681971775,28.0,13.0,1.732658701199676,0.8586071638910663
188,01_01_a0101135100001100032z,0.5,0.3459770863206864,28.0,13.0,1.7327006577166093,0.8581964336743619
189,01_01_a0101135100002100038z,0.8333333333333334,0.3872191117899213,25.0,7.0,1.0026571854737698,0.8549745124724164
190,01_01_A0101135100003000025z,0.5,0.5356653040155946,30.0,11.0,1.4155285187733486,0.8479828381915727
191,01_01_A0101135100003000032z,0.6666666666666666,0.3427657762104065,33.0,9.0,1.0016347349615513,0.8650612594461288
192,01_01_A0101135100003000045z,0.6666666666666666,0.2616529934678342,30.0,16.0,0.07384415804465272,0.5162478328246161
193,01_01_A0101135100003500015z,0.5,0.4123017714218169,34.0,20.0,1.7352365330494903,0.9287037027220212
194,01_01_A0101135100003500033z,0.5,0.4086849035976943,32.0,12.0,1.416024973282488,0.8946942474785098
195,01_01_A0101135100003500038z,0.6666666666666666,0.2354736108407136,27.0,11.0,1.0014732931460355,0.689653321492254
196,01_01_a0101135100003800025z,0.3333333333333333,0.4557114522406223,27.0,16.0,2.0016517489135346,0.8913333108727204
197,01_01_a0101135100003800032z,0.5,0.24873010741786025,26.0,16.0,1.0010011838564188,0.6905770894912012
198,01_01_a0101135100003800040z,0.6666666666666666,0.12677023539649165,19.0,8.0,1.0015317101386976,0.5498177322048837
199,01_01_a0101135100004000030z,0.5,0.30787476090956833,29.0,16.0,1.416576213604226,0.8196474381008932
200,01_01_a0101135100004000042z,0.8333333333333334,0.142044946332737,25.0,8.0,0.0852747538255899,0.6925446073105918
201,01_01_a0101135100004200037A,0.6666666666666666,0.19039767031988675,29.0,14.0,1.0010143796224402,0.5288618259932549
202,01_01_a0101135100004200037B,0.6666666666666666,0.4505882155635063,25.0,9.0,1.0029691665061757,0.7550527095804859
203,01_01_a0101135100004400042z,0.8333333333333334,0.2499431415316156,40.0,13.0,0.06229571471546995,0.6543275903791445
204,01_01_a0101135100006500020z,0.3333333333333333,0.3365263421299223,40.0,21.0,2.001629687824978,0.9259047850385675
205,01_01_a0101135100006500022z,0.5,0.3734788817904192,37.0,19.0,1.736781234972201,0.9661411495306632
206,01_01_a0101135100006500038A,0.6666666666666666,0.9062264544797624,31.0,14.0,1.0201272180637044,1.2688841469294485
207,01_01_a0101135100007800031A,0.5,0.4164974035976943,39.0,15.0,1.4160572707467098,0.8993147207832858
208,01_01_a0101135100007800031B,0.5,0.4657743419371326,31.0,17.0,1.4157867135373263,0.8251492223403466
209,01_01_a0101135100007800037b,0.5,0.4247881345699857,31.0,17.0,1.4150706866440546,0.7224851046674525
210,01_01_a0101135100007800041S,0.6666666666666666,0.21989790507100088,36.0,21.0,0.035700605041898856,0.7027724327810296
211,01_01_a0101135100008000078A,0.5,0.21152130212387066,63.0,29.0,0.1322141492890175,0.8955546904928043
212,01_01_a0101135100008000080z,0.3333333333333333,0.18692583376681596,88.0,38.0,0.07899590888717828,0.8438048168528249
213,01_01_a0101135100008000087z,0.3333333333333333,0.18027634212992227,82.0,42.0,0.11028152402813192,0.9736461732202868
214,01_01_a0101135100008000088z,0.3333333333333333,0.4849831364880805,64.0,35.0,0.12491654280738157,0.8721303619925305
215,01_01_A0101135102000100026z,0.6666666666666666,0.4521487314365221,24.0,14.0,1.4176124224783786,0.8353467399301182
216,01_01_A0101135102000100032z,0.5,0.4017900960944797,37.0,12.0,1.0034357920986592,0.9215918038812349
217,01_01_A0101135110000100048z,0.5,0.4508637516808878,40.0,21.0,0.11603784288743912,0.5454278943791968
218,01_01_A0101135110000100052z,0.5,0.18645559705334824,39.0,22.0,0.09850592912132952,0.7384711282190259
219,01_01_A0101135110000100065z,0.5,0.3839887481449599,69.0,32.0,0.07998127378771276,0.5951853033855499
220,01_01_a0101135110000200038z,0.3333333333333333,0.3333107559947731,27.0,13.0,1.7333079234553708,0.7735844931589584
221,01_01_A0101135110000200039z,0.6666666666666666,0.3269423822301729,18.0,11.0,1.4160100129962967,0.6859970641559392
222,01_01_A0101135110000300032z,0.3333333333333333,0.1981870274170553,29.0,13.0,1.7326569053246608,0.6660537652560472
223,01_01_A0101135110000600034z,0.3333333333333333,0.19462025393540444,28.0,13.0,1.7324873664099911,0.6574176140307114
224,01_01_A0101135110000700019z,0.3333333333333333,0.7706177340331632,33.0,20.0,2.0022072215535403,0.8104091924526561
225,01_01_A0101135110000700037z,0.8333333333333334,0.18398813386415985,19.0,3.0,1.0014814133026793,0.6047791139977573
226,01_01_A0101135110001100035z,0.3333333333333333,0.3440924271538027,28.0,18.0,1.7327613157485708,0.7085181594426959
227,01_01_A0101135110001200035z,0.3333333333333333,0.3376090488968396,28.0,18.0,1.732872648442634,0.7005654105287737
228,01_01_A0101135110001200046z,0.8333333333333334,0.551945754366167,33.0,11.0,0.050747481799672055,0.7006206066729533
229,01_01_A0101135110001300069z,0.3333333333333333,0.184980740377402,72.0,39.0,1.0082584251243627,0.6730872879925988
230,01_01_a0101135110001600035z,0.16666666666666666,0.2561833708097589,37.0,25.0,1.733309884569895,0.7019519561095927
231,01_01_A0101135110001700025z,0.3333333333333333,0.4260043597641332,31.0,15.0,1.734087106738836,0.9523263175957708
232,01_01_A0101135110001700032b,0.6666666666666666,0.3511990184355689,27.0,13.0,1.0036928985549014,0.8081835624589837
233,01_01_A0101135110001700037z,0.5,0.3590378639011021,39.0,13.0,1.005906244463455,0.7970455785624292
234,01_01_A0101135110002000043z,0.6666666666666666,0.2959330950815785,34.0,18.0,1.0122042460261758,0.8742689437103569
235,01_01_A0101135110002000054z,0.6666666666666666,0.25839630212387066,32.0,17.0,0.11707161682861833,0.7226002178518652
236,01_01_A0101135110002100054z,0.6666666666666666,0.2538404934678342,32.0,17.0,0.11528578900965494,0.7158369044174462
237,01_01_A0101135110002200033z,0.3333333333333333,0.5305900968344093,39.0,26.0,1.7365834441809225,0.8989262171027091
238,01_01_A0101135110002300044z,0.8333333333333334,0.08643099506661184,20.0,10.0,0.11238637759422523,0.6664237642893354
239,01_01_A0101135110002400035z,0.3333333333333333,0.21035778899763152,46.0,29.0,1.4178379183045255,0.7840157008530555
240,01_01_A0101135110002500048z,0.5,0.4461470802167501,39.0,21.0,0.12021412879254002,0.547180323882965
241,01_01_A0101135110002500052z,0.5,0.18711982475890854,39.0,22.0,0.0934435367386013,0.7466367533492233
242,01_01_A0101135110002500065z,0.5,0.3831429612210745,69.0,32.0,0.09280924735496264,0.5814928039763099
243,01_01_a0101135120000100022z,0.5,0.3241785733755457,28.0,16.0,1.7340122639259965,0.8327510349117208
244,01_01_a0101135120000100035z,0.5,0.18586024477052301,28.0,14.0,1.4145931636276883,0.4889099389912802
245,01_01_a0101135190000500032C,0.3333333333333333,0.468691617704179,35.0,17.0,1.7385338397861465,1.0113095002367491
246,01_01_a0101135190000500033B,0.16666666666666666,0.4260043597641332,41.0,24.0,2.0093549562228983,1.0383076598770942
247,01_01_A0101135220000100022z,0.3333333333333333,0.5142418172584214,32.0,18.0,1.7365440344337577,0.8871259395693737
248,01_01_A0101135220000100026z,0.16666666666666666,0.3976590008661,36.0,17.0,1.73635450802995,0.8618775635874574
249,01_01_A0101135220000100034z,0.3333333333333333,0.39189531210529294,33.0,13.0,1.4195547809066171,0.8363912411138137
250,01_01_A0101135220000200046z,0.8333333333333334,0.16296979451087468,18.0,7.0,0.058969535985277766,0.6716193400039157
251,01_01_A0101135220000300015z,0.3333333333333333,0.8024857612256067,39.0,21.0,1.735719200347681,1.2737713209526274
252,01_01_A0101135220000300017z,0.6666666666666666,0.35488162334448603,24.0,12.0,1.4215977290056805,0.854530616774259
253,01_01_A0101135220000300018z,0.16666666666666666,0.4015178808056715,34.0,17.0,1.737392094162464,0.8424710798647392
254,01_01_A0101135220000300021z,0.3333333333333333,0.4121385886978346,34.0,17.0,2.002434891367625,0.9375376418469408
255,01_01_a0101135220000400015z,0.3333333333333333,0.835309531988627,34.0,19.0,2.02132694462954,1.2365796275802805
256,01_01_A0101135220000400017z,0.16666666666666666,0.8334321136677716,41.0,23.0,2.0018359087264144,1.2451229633641412
257,01_01_A0101135220000400021z,0.3333333333333333,0.3976590008661,32.0,18.0,1.7372576841765042,0.8172870110188634
258,01_01_A0101135220000500031z,0.5,0.15021231905971166,29.0,15.0,1.0003764239767632,0.5851377800199086
259,01_01_A0101135230000100027z,0.5,0.3238887646591134,36.0,18.0,1.4168441355724173,0.8830034828254981
260,01_01_A0101135230000100032z,0.5,0.2148606581522328,31.0,15.0,1.4144644497736583,0.6722357641816794
261,01_01_a0101135230001000018z,0.5,0.7777283411342826,27.0,16.0,1.744062944735516,1.1906455727068377
262,01_01_a0101135230001000022z,0.3333333333333333,0.2674871084105758,32.0,22.0,1.7365822224359355,0.7375099610703213
263,01_01_a0101135230001000026z,0.3333333333333333,0.4683287341393576,31.0,16.0,2.0079315017730117,0.956517349009122
264,01_01_a0101135230001600014z,0.3333333333333333,0.7568236607689858,35.0,19.0,2.0093161545896336,1.1314408827575286
265,01_01_a0101135230001600017z,0.3333333333333333,0.4034398946679838,30.0,16.0,1.737712970062378,0.8583054215691606
266,01_01_a0101135230001600021z,0.5,0.36732984661763735,29.0,18.0,1.4203248344499386,0.7696561075417061
267,01_01_a0101135230001900023z,0.5,0.365474681971775,31.0,17.0,1.7359096584678482,0.9151946491344596
268,01_01_a0101135230001900032z,0.6666666666666666,0.1184796629319273,25.0,12.0,1.4147265574122307,0.6653636108609076
269,01_01_A0101135240000800031z,0.5,0.38313290929570004,33.0,13.0,1.4163457672059796,0.9038892691223064
270,01_01_A0101135240000800034z,0.3333333333333333,0.4034398946679838,27.0,13.0,1.7336173038136338,0.7589001636724623
271,01_01_A0101135240000900011z,0.3333333333333333,0.2976853983995328,33.0,21.0,1.7485134850036943,0.8127699261678458
272,01_01_A0101135240000900013z,0.3333333333333333,0.4301859719737626,41.0,22.0,1.7405596843092872,0.9582513260443206
273,01_01_A0101135240000900017z,0.3333333333333333,0.5139595000645678,27.0,17.0,1.7338379022847423,0.6559010596331721
274,01_01_A0101135240001200023z,0.3333333333333333,0.5607594913747157,33.0,24.0,1.7430462814564929,0.9935139860276
275,01_01_A0101135240001200025z,0.3333333333333333,0.576832991105302,31.0,18.0,1.7421541515473578,1.0003077504802775
276,01_01_A0101135240001200031z,0.5,0.3685071205221839,21.0,14.0,1.7340771148808745,0.7923287571827791
277,01_01_A0101135240001200034z,0.5,0.3699804509395508,22.0,14.0,1.7335855781305485,0.7920164381501339
278,01_01_A0101135240001300023z,0.3333333333333333,0.5467234767575361,33.0,24.0,1.7432458432799445,0.9914172154365496
279,01_01_A0101135240001300025z,0.3333333333333333,0.5726671528723747,31.0,18.0,1.742566800745433,0.9818364137585648
280,01_01_A0101135240001300031z,0.5,0.3629974786489056,21.0,14.0,1.7341469819559638,0.8005879135322448
281,01_01_A0101135240001300034z,0.5,0.36440942029888224,22.0,14.0,1.733892198541409,0.7985854936486348
282,01_01_A0101135240001400047z,0.6666666666666666,0.2707646107799071,47.0,18.0,0.09374168246528304,0.6797970395494233
283,01_01_A0101135240001500032z,0.6666666666666666,0.21078195667031424,26.0,12.0,1.4146550036183358,0.6621864093928691
284,01_01_A0101135240001500048z,0.6666666666666666,0.27046184193713263,33.0,16.0,0.07499912512279301,0.6204853838180578
285,01_01_A0101135240001500059z,0.5,0.4040388734582431,53.0,30.0,0.0908683487757605,0.6230470952376748
286,01_01_a0101135240001600018z,0.3333333333333333,0.4053719254760427,30.0,16.0,1.7374044145806364,0.8550766552849454
287,01_01_a0101135240001600022z,0.16666666666666666,0.3629974786489056,44.0,22.0,1.7364383026610757,0.8047388289396307
288,01_01_a0101135240001600026z,0.16666666666666666,0.3878792141057803,46.0,22.0,1.7368036498164237,0.8371023135964593
289,01_01_A0101135240002000032z,0.6666666666666666,0.6332986960648989,32.0,8.0,1.0029002992016842,0.9053064819531428
290,01_01_a0101135240002200031z,0.6666666666666666,0.12174555270371712,25.0,14.0,1.4156491193229097,0.7377435192622926
291,01_01_A0101135240002300030z,0.5,0.3132064480475827,27.0,16.0,1.7327837277694165,0.6686621040214684
292,01_01_A0101135240002300048z,0.6666666666666666,0.18842200677229745,24.0,13.0,1.0008555878100636,0.6609431165084106
293,01_01_a0101135240003000048z,0.6666666666666666,0.5557240789946575,34.0,17.0,1.0026409459517145,0.5929103642473862
294,01_01_a0101135240003000055z,0.6666666666666666,0.3349532762104065,34.0,15.0,0.14903106268580574,0.7759279167282128
295,01_01_a0101135240003000061A,0.6666666666666666,0.3902615184355689,41.0,18.0,0.0842619589209883,0.8153209156680912
296,01_01_a0101135240003000061B,0.8333333333333334,0.42219540929570004,31.0,10.0,0.06697567619092716,0.804147930577068
297,01_01_A0101135270000200034z,0.6666666666666666,0.3510258896582138,19.0,11.0,1.4149876722690096,0.740755403225481
298,01_01_A0101135270000200046z,0.6666666666666666,0.2295992614248038,31.0,10.0,0.1055481803126148,0.4052949313618427
299,01_01_A0101135270000200055z,0.5,0.232611922460058,45.0,21.0,0.1217271952796556,0.7058675573626823
300,01_01_A0101135270000500024z,0.5,0.48695691447358797,33.0,16.0,1.419447531666328,0.8508324600870102
301,01_01_A0101135270000500031z,0.6666666666666666,0.1985395613191998,29.0,10.0,1.0008827051382785,0.6588542638923358
302,01_01_A0101135270000500042z,1.0,0.23579494633273698,4.0,2.0,0.030519278608522205,0.5091253398425815
303,01_01_a0101135270000600028z,0.5,0.532134149298446,28.0,14.0,1.7341703268200623,0.8173152238388486
304,01_01_A0101135270000700023z,0.16666666666666666,0.3703865027355179,36.0,17.0,1.7357642049674982,0.8460369483330799
305,01_01_A0101135270000700026z,0.6666666666666666,0.3322757155635062,18.0,11.0,1.415117848921259,0.6695856394913733
306,01_01_A0101135270000700032z,0.3333333333333333,0.10584808398455886,35.0,18.0,1.4172441049023468,0.6641976297732437
307,01_01_A0101135270000800034z,0.8333333333333334,0.2482493997740325,18.0,9.0,1.0006223852237293,0.536426945623616
308,01_01_a0101135270001100028z,0.5,0.4699492836749614,24.0,12.0,1.4181846638276716,0.8847574008836029
309,01_01_A0101135270001100038z,0.6666666666666666,0.4580704663187932,28.0,7.0,1.004190439891694,0.9146247433417818
310,01_01_A0101135270001200035z,0.5,0.3995410216859552,23.0,14.0,1.7331140087906431,0.7866860367092311
311,01_01_A0101135270001600036z,0.5,0.4014674559764856,28.0,10.0,1.4181331500832297,0.8590843531442477
312,01_01_A0101135270001800037z,0.6666666666666666,0.3847974473694361,23.0,12.0,1.4165737356738517,0.8670265840306745
313,01_01_A0101135270002800054z,0.3333333333333333,0.4514350122208879,37.0,26.0,1.419910268109107,0.8816880085328356
314,01_01_A0101135270002800061z,0.5,0.24648813386415985,22.0,13.0,1.4185090397166318,0.7322503308147891
315,01_01_A0101135270002800072z,0.3333333333333333,0.6115204936313914,44.0,25.0,0.17596859535163906,0.8433613932772371
316,01_01_A0101135270003100023z,0.5,0.4213503424291779,24.0,13.0,1.7333355608753949,0.7531526049147409
317,01_01_A0101135270003100025z,0.5,0.4153801931754465,24.0,13.0,1.7335708465902322,0.8751820553874687
318,01_01_A0101135270003100035z,0.5,0.3802757155635063,34.0,8.0,1.0019892899103964,0.8742937455783587
319,01_01_A0101135270003100045z,0.8333333333333334,0.2737281453058949,26.0,12.0,0.058366653668117115,0.7798700237214856
320,01_01_A0101135270003200047z,0.8333333333333334,0.32035429273392424,18.0,8.0,1.021029410647068,0.6659323221795079
321,01_01_A0101135270004100074z,0.16666666666666666,0.3980740184355689,81.0,37.0,0.15309992191769864,0.8133346685392104
322,01_01_A0101135270004200035A,0.6666666666666666,0.4403976703198868,23.0,11.0,1.415665104494284,0.6654772357319068
323,01_01_A0101135270004200035B,0.6666666666666666,0.049163914321270215,26.0,11.0,1.4163372421402505,0.7728677865512851
324,01_01_A0101135270004200050B,0.8333333333333334,0.14409526973957842,24.0,14.0,1.0047948538587326,0.7341362113049034
325,01_01_A0101135270004200057z,0.3333333333333333,0.5569854613262181,43.0,24.0,1.0091488883069122,0.9915046366292668
326,01_01_A0101135270004200068B,0.6666666666666666,0.20672617757582654,26.0,18.0,1.005195664149546,0.7895068960600264
327,01_01_A0101135270004200101z,0.3333333333333333,0.6808290070995564,66.0,37.0,1.0141749040393864,1.0700656597415514
328,01_01_A0101135270004300048z,0.6666666666666666,0.2536888627024708,23.0,10.0,1.4157854665654177,0.7733810170139211
329,01_01_A0101135270004300066a,0.8333333333333334,0.3799744860553095,27.0,14.0,0.0772519053247822,0.7353404529723958
330,01_01_A0101135270004300067a,0.6666666666666666,0.6113622008033587,30.0,15.0,1.0070390268458291,1.116614538580885
331,01_01_A0101135270004300068b,0.5,0.2917727035153135,40.0,23.0,1.0035350778946388,0.8802573947294924
332,01_01_A0101135270004300081z,0.3333333333333333,0.4618132520066549,56.0,35.0,0.17956993764910514,0.9908715088208782
333,01_01_A0101135270005200052z,0.8333333333333334,0.4044559149937057,45.0,19.0,0.24820436569896914,0.8776120880278794
334,01_01_a0101135270005400053z,0.5,0.3232322373026367,35.0,19.0,0.121404849741077,0.760192985185863
335,01_01_A0101135270005700034b,0.6666666666666666,0.5450125113381541,27.0,16.0,1.4172935231824082,0.9986840319955156
336,01_01_A0101135270005700034z,0.5,0.5551923221917483,33.0,16.0,1.7354945050548356,0.9658799757404094
337,01_01_A0101135270005700050z,0.6666666666666666,0.34664767031988675,43.0,19.0,1.0045051071151725,0.7354182213424673
338,01_01_A0101135270005700053z,0.6666666666666666,0.6353074057043513,31.0,13.0,1.0051738637715044,0.9305609297995859
339,01_01_A0101135270005700068b,0.6666666666666666,0.504687115112039,40.0,17.0,0.06018097620211502,0.7904061700353805
340,01_01_a0101135270005900026a,0.3333333333333333,0.3670659062992011,36.0,18.0,2.0014355652053717,0.8365964041432195
341,01_01_a0101135270005900026b,0.3333333333333333,0.2682650058448361,32.0,15.0,1.7328517302744173,0.7748522510729436
342,01_01_a0101135270005900026b1,0.3333333333333333,0.2662138421299223,28.0,15.0,1.7327387521660431,0.7420839903489617
343,01_01_a0101135270005900026d,0.5,0.2290060195337296,28.0,14.0,1.7329367387946362,0.7822152096163952
344,01_01_a0101135270005900033b,0.6666666666666666,0.34987743396705395,26.0,14.0,1.001824413430751,0.7577649670758781
345,01_01_a0101135270005900033b1,0.5,0.34206493396705395,25.0,14.0,1.4154409626090472,0.7682533324308058
346,01_01_a0101135270005900043a,0.8333333333333334,0.3227560195337296,27.0,13.0,0.1142168708377703,0.7696473095564068
347,01_01_a0101135270005900050z,0.8333333333333334,0.3018494860553095,25.0,9.0,0.10303698235732894,0.7397990777619285
348,01_01_a0101135270005900068z,0.5,0.4826142714218169,34.0,19.0,0.1963162906693796,0.7633882092573773
349,01_01_A0101135270006100010z,0.5,0.3189630540647982,42.0,25.0,1.7483950673907,1.1873556989575749
350,01_01_A0101135270006100011z,0.3333333333333333,0.6346820900654983,46.0,27.0,2.014749692352206,1.330906386172021
351,01_01_A0101135270006100013z,0.5,0.8540556326251176,41.0,26.0,1.7493634861705845,1.4451432610547132
352,01_01_a0101135270007300062z,0.3333333333333333,0.3502796675541385,56.0,23.0,0.16325809340543085,0.835775923345305
353,01_01_a0101135270007500061z,0.8333333333333334,0.21929057755926,26.0,9.0,1.000742246574221,0.7153421634688611
354,01_01_a0101135270007500071z,0.8333333333333334,0.23627571556350624,35.0,11.0,0.11855568323518308,0.5768849646084121
355,01_01_a0101135270007800058A,0.5,0.6764177610180517,28.0,14.0,1.0077947827743183,0.9096809067934604
356,01_01_a0101135270007800058B,0.8333333333333334,0.26827852605601155,32.0,12.0,0.13440091028070836,0.7446803277499188
357,01_01_a0101135270007800064z,0.8333333333333334,0.6090067386658164,39.0,17.0,0.1528638899725548,0.9667092958747858
358,01_01_a0101135270007900060z,0.6666666666666666,0.5590931758809665,34.0,13.0,0.15930778753104066,0.8949107518759309
359,01_01_a0101135270008000043A,0.5,0.8505790309756927,50.0,26.0,1.026205444284543,0.9738895807515884
360,01_01_a0101135270008000043B,0.5,0.482333184603754,42.0,27.0,1.0136275483486412,1.0066342088354392
361,01_01_a0101135270008000043C,0.5,0.33835904889683954,40.0,17.0,1.00961473815677,0.8945018692414624
362,01_01_a0101135270008400054z,0.8333333333333334,0.35683821556350626,25.0,11.0,0.10305988683957698,0.8519731018023184
363,01_01_a0101135270008400063z,0.3333333333333333,0.3051563425731525,49.0,22.0,0.1962879294969808,0.8208041824998926
364,01_01_a0101135270008500048z,0.6666666666666666,0.2406014912198309,36.0,16.0,1.0064121934227177,0.8568278001882556
365,01_01_a0101135270009000089z,0.5,0.4177500160501243,41.0,20.0,0.07273642342629184,0.6311801163837579
366,01_01_A0101135270009500024z,0.6666666666666666,0.18466198605530948,35.0,13.0,1.012579276012409,0.8174949781373531
367,01_01_A0101135270009500040A,0.8333333333333334,0.4815153292661302,31.0,15.0,0.09214849423034653,0.8012059962941849
368,01_01_A0101135270009500040B,0.8333333333333334,0.6101996136351315,30.0,12.0,0.10264958379146184,0.8044304517876636
369,01_01_a0101135270010500025A2,0.6666666666666666,1.0227897529966614,40.0,16.0,1.0169068966333157,1.1846927926494106
370,01_01_a0101135270010500040B1,0.6666666666666666,0.9520813060157676,38.0,14.0,0.2972563264489612,1.2066709075086317
371,01_01_a0101135270010500040B2,0.6666666666666666,1.059218554759486,37.0,15.0,0.2952257430253621,1.2731094904652482
372,01_01_a0101135270010500040B3,0.8333333333333334,0.8450953245682455,33.0,15.0,0.22436514465334312,1.1857328210001492
373,01_01_a0101135270010500041C1,0.8333333333333334,0.8204575975859781,33.0,17.0,0.22410285643767047,1.0190685339574168
374,01_01_a0101135270010500041C2,0.8333333333333334,0.976269066627336,28.0,14.0,0.2074867259455564,1.1159081703723286
375,01_01_a0101135270010500051D,0.6666666666666666,0.3510895061239783,45.0,22.0,0.15001740453964513,0.9046002590720782
376,01_01_A0101135280000100034z,0.5,0.35616672373789315,24.0,12.0,1.4148259458337948,0.7139095139986579
377,01_01_A0101135280000100067z,0.3333333333333333,0.4591767714218169,61.0,27.0,0.13743937071371054,0.8160038801435318
378,01_01_A0101135280000300031z,0.6666666666666666,0.4097320977387329,23.0,10.0,1.4166903028774651,0.7384836939678265
379,01_01_A0101135280000300034z,1.0,0.245066924354715,12.0,2.0,0.059629704787090926,0.58130854591587
380,01_01_A0101135280000400055z,0.5,0.5728227013791091,59.0,28.0,0.12984178011210784,0.7534686350755148
381,01_01_A0101135280000500035z,0.3333333333333333,0.3616163150185471,29.0,13.0,1.7325479741998115,0.7849510158231375
382,01_01_A0101135280000500045z,0.5,0.33489309705334824,58.0,25.0,0.1168639923920974,0.5710084948333735
383,01_01_A0101135280000500056z,0.6666666666666666,0.2749543089295996,56.0,27.0,0.05813556654643784,0.7074187611021208
384,01_01_A0101135280000500066z,0.3333333333333333,0.39960641176603773,90.0,44.0,0.13178679338874064,0.8098906300791914
385,01_01_a0101135280000800026z,0.3333333333333333,0.4322739522406223,30.0,17.0,2.001256402258699,0.7516419764235253
386,01_01_a0101135280000800040z,0.6666666666666666,0.5045667522805688,13.0,6.0,1.0016423110131292,0.42469677465281336
387,01_01_a0101135280000800042z,0.6666666666666666,0.18940071556350624,40.0,14.0,1.0006757757059166,0.4748345973714639
388,01_01_A0101135280000900026z,0.3333333333333333,0.5142418172584214,35.0,16.0,1.7377427928358036,0.9106988587698079
389,01_01_A0101135280000900034z,0.6666666666666666,0.24943670614839356,21.0,12.0,1.0005520275286306,0.6837337447218248
390,01_01_A0101135280000900043z,0.8333333333333334,0.08204993933224286,13.0,5.0,0.03568020202026068,0.6476228290991443
391,01_01_a0101135280001000023z,0.5,0.4745202296700893,31.0,17.0,1.7339670962881202,0.9140129753236638
392,01_01_a0101135280001000033z,0.6666666666666666,0.40156497176185335,29.0,8.0,1.0023065962542859,0.8774486518112038
393,01_01_a0101135280001900031z,0.5,0.1213527083171294,29.0,13.0,1.4145181193420715,0.5800529703600842
394,01_01_A0101135280002900031z,0.5,0.12111065815223275,29.0,13.0,1.4145559801725314,0.5820965831848068
395,01_01_A0101135280002900057z,0.3333333333333333,0.17911333376681593,68.0,28.0,0.07845004465612873,0.622275474171955
396,01_01_A0101135280003000031z,0.5,0.3325282822986192,34.0,15.0,1.4147369073225164,0.5697396106545325
397,01_01_A0101135280003000055z,0.5,0.3359989877017352,49.0,20.0,0.10483924090282264,0.6448565351322003
398,01_01_A0101135280003100055z,0.5,0.6061434162934333,56.0,28.0,0.12824876722347206,0.7580194767596784
399,01_01_a0101135280003800042z,0.6666666666666666,0.3405717818160942,33.0,15.0,0.11573980372133512,0.67065884127065
400,01_01_a0101135280003800048z,0.5,0.37156864212938107,40.0,18.0,0.11956899997988148,0.6616608656313806
401,01_01_a0101135280003800053z,0.6666666666666666,0.4202095000645678,35.0,26.0,0.09287929662356463,0.7161894762617229
402,01_01_A0101135280005300013A,0.3333333333333333,1.1524768328819421,37.0,21.0,2.0049069544395546,1.4426571823774341
403,01_01_a0101135280005300020C,0.5,0.324131012721129,30.0,20.0,1.7376725307599588,0.8773269441029103
404,01_01_A0101135280005600010z,0.3333333333333333,0.8535596661807903,41.0,24.0,2.0139790875866783,1.39614796982947
405,01_01_A0101135280005600014z,0.3333333333333333,1.1080705873583778,43.0,24.0,2.0111931113221986,1.5125830597737584
406,01_01_A0101135280005600016z,0.3333333333333333,0.8856263649141556,36.0,22.0,2.0045594304024057,1.2620426608280555
407,01_01_A0101135280005600017z,0.3333333333333333,0.9029423822301729,38.0,22.0,2.0049899326891643,1.2665572432427032
408,01_01_A0101135280005600018z,0.3333333333333333,0.9725436120392772,34.0,19.0,2.001641662404476,1.2668846677326941
409,01_01_A0101135280005600020z,0.5,0.3044022362447715,34.0,19.0,1.7429096531682162,0.8865206485433592
410,01_01_A0101135280005600022z,0.3333333333333333,0.6294960545465571,35.0,18.0,2.0025644363147452,1.0586154890994641
411,01_01_A0101135280006000035z,0.6666666666666666,0.2179846788464436,25.0,12.0,1.4149911116439606,0.7079825319175876
412,01_01_A0101135280006000036z,0.5,0.3085456331459239,26.0,11.0,1.7324599030372447,0.6446970312096482
413,01_01_a0101135280006300021a,0.5,0.29355495184035585,27.0,14.0,1.7340384934902782,0.8310818159172946
414,01_01_a0101135280006300021b,0.6666666666666666,0.2028727928077651,28.0,15.0,1.4184098228282993,0.9032993918284936
415,01_01_a0101135280006300021d,0.6666666666666666,0.502227283087622,29.0,16.0,1.4204264456885047,1.0695177400914333
416,01_01_a0101135280006300028e,0.6666666666666666,0.35638015420580393,22.0,14.0,1.4245292157299236,0.9364312854683082
417,01_01_a0101135280006400040z,0.6666666666666666,0.22065071556350624,32.0,18.0,1.002023726712787,0.6777874739078948
418,01_01_a0101135280006400042z,0.5,0.3646507155635063,48.0,23.0,1.0033127881091537,0.8229139863830606
419,01_01_a0101135280007100031z,0.5,0.3222974473694361,29.0,14.0,1.7330148146151478,0.8477230133410814
420,01_01_a0101135280007500023z,0.5,0.14872352349670034,19.0,10.0,1.4156109548299598,0.7042049701394933
421,01_01_a0101135280007500032C,0.6666666666666666,0.3669559448699939,19.0,8.0,1.4150943368141908,0.7513165219888038
422,01_01_a0101135280007500033z,0.8333333333333334,0.3181013734582431,31.0,9.0,0.12377105167901273,0.7800837320889278
423,01_01_a0101135280007500044z,1.0,0.4257931206267974,20.0,8.0,0.1219270697762126,0.7616488176643239
424,01_01_a0101135280007500046z,1.0,0.460879882230173,20.0,8.0,0.121787566138441,0.7746260104710176
425,01_01_a0101135280007500054z,0.8333333333333334,0.3202550953589026,29.0,9.0,0.11720518162748154,0.7705625671765878
426,01_01_a0101135280008100025z,0.6666666666666666,0.7297416246544153,25.0,11.0,1.421713122287212,1.141841685050312
427,01_01_a0101135280008100030z,0.6666666666666666,0.7524859215560156,25.0,11.0,1.4207196949668424,1.0926189351929254
428,01_01_a0101135280008100032z,0.5,0.490474681971775,31.0,12.0,1.4169718311153356,0.8553824376557312
429,01_02_A0102134010000100019z,0.3333333333333333,0.3958198751076658,40.0,20.0,1.7341579322742515,1.0330260156777271
430,01_02_A0102134010000100021z,0.3333333333333333,0.5918312711190618,35.0,24.0,1.7383913412756309,1.014950457384572
431,01_02_a0102134010000100045z,0.6666666666666666,0.5164914366036953,48.0,24.0,0.11225520850013776,0.8044868115713572
432,01_02_A0102134010000200019z,0.3333333333333333,0.431994369997757,33.0,14.0,1.7355394852204618,0.9983706328151349
433,01_02_A0102134010000200024z,0.16666666666666666,0.4168448770055125,42.0,20.0,1.7377698525459833,0.955708241919382
434,01_02_A0102134010000200028z,0.16666666666666666,0.5685232725667636,49.0,26.0,1.7377281816089751,0.9014982248484416
435,01_02_A0102134010000700031z,0.3333333333333333,0.4916887991015898,33.0,17.0,1.7330015064981883,0.8404233410210128
436,01_02_A0102134010000700040z,0.6666666666666666,0.5227221848117978,32.0,12.0,1.0025986228136516,0.7419953922289272
437,01_02_A0102134010001000028z,0.3333333333333333,0.2187736265417569,29.0,17.0,1.7322146316246545,0.7103204836697394
438,01_02_A0102134010001000038z,0.6666666666666666,0.5308687138452932,25.0,12.0,1.4159071695040537,0.9479030352096629
439,01_02_A0102134010001300016z,0.5,1.0000948110408932,34.0,17.0,1.746038379951239,1.2220637966310386
440,01_02_A0102134010001300023z,0.5,0.5986450535426003,33.0,16.0,1.4201596019076927,0.9572328462595452
441,01_02_A0102134010001300032z,0.6666666666666666,0.3523707023708941,27.0,15.0,1.0033786570558665,0.8326910549495673
442,01_02_a0102134010001400034z,0.5,0.2737281453058949,22.0,12.0,1.7361874163596631,0.7438567430907167
443,01_02_a0102134010002000024z,0.3333333333333333,0.4993565873214313,34.0,16.0,1.7368479855138537,0.9563940984385572
444,01_02_A0102134010002100028z,0.16666666666666666,0.5625597034789139,48.0,26.0,1.7369263951380258,0.911589572484565
445,01_02_A0102134010002300032z,0.5,0.42361748771540503,29.0,12.0,1.4161743004094658,0.9617700413764908
446,01_02_a0102134010003300053z,0.8333333333333334,0.1591631345699857,16.0,7.0,1.0006394316403675,0.5386298068778336
447,01_02_a0102134010003700032A,0.5,0.4656090488968395,31.0,12.0,1.415953088325963,0.9558969519303608
448,01_02_A0102134010007100034B,0.5,0.640787159225478,25.0,12.0,1.4155677230819164,0.9114264190927832
449,01_02_A0102134010007100034C,0.6666666666666666,0.41393008303338574,33.0,19.0,1.003901924057962,0.9300526796630696
450,01_02_A0102134010008000030z,0.6666666666666666,0.6565563278084042,30.0,13.0,1.0042097269192165,1.012277519929596
451,01_02_A0102134020000200023d,0.6666666666666666,0.5204260082056467,23.0,10.0,1.4213979191539776,0.8454932911591311
452,01_02_A0102134020000200023d1,0.6666666666666666,0.7235484428362335,25.0,10.0,1.4203168273058069,0.9788286651475924
453,01_02_A0102134020000200033b,0.6666666666666666,0.4356714859562555,20.0,11.0,1.4167897508786509,0.7063002764526651
454,01_02_A0102134020000200033c,0.3333333333333333,0.4095327794455701,36.0,21.0,1.4178096572878955,0.8537788606559851
455,01_02_A0102134020000200034a,0.6666666666666666,0.08280274982474822,25.0,10.0,1.4145289961790308,0.6967446059662603
456,01_02_A0102134020000400025z,0.5,0.5154779947657855,26.0,13.0,1.7331711909730259,0.8414226560201659
457,01_02_a0102134020000700026B,0.5,0.15744529795628276,32.0,16.0,1.415273859570915,0.7725171759113989
458,01_02_a0102134020000700026C,0.6666666666666666,0.21408785015585435,27.0,13.0,1.4150884084248645,0.736577855295317
459,01_02_a0102134020000700046B,0.8333333333333334,0.3232322373026367,18.0,7.0,0.07363277213301203,0.7036519754779142
460,01_02_A0102134020000800022z,0.5,0.5420861131170229,34.0,15.0,1.419257792134366,0.936764218207928
461,01_02_A0102134020000800027z,0.5,0.4306330823346661,34.0,15.0,1.4211927490570893,0.8399741182350058
462,01_02_A0102134020000900035z,0.5,0.265212379674589,27.0,11.0,1.4144898730525597,0.6468738039088763
463,01_02_A0102134020001800026z,0.3333333333333333,0.44317226728764414,25.0,15.0,1.7341627268883848,0.7266422648879467
464,01_02_A0102134020001800033z,0.5,0.3827545888029429,36.0,12.0,1.0029805969942154,0.8653580960496094
465,01_02_A0102134020001900026z,0.5,0.5526936260112675,26.0,13.0,1.7335509888228933,0.9816258436511628
466,01_02_A0102134020002800031A,0.5,0.4621559972536471,35.0,9.0,1.0054731641099044,0.8462322315342176
467,01_02_A0102134020002800032A,0.6666666666666666,0.4838947631825538,34.0,9.0,1.0027892542739143,0.9269271214121916
468,01_02_A0102134020002800032B,0.8333333333333334,0.5776447631825539,24.0,7.0,1.006237380943152,0.907384606103992
469,01_02_A0102134020003600024A,0.3333333333333333,0.4841143322782037,31.0,16.0,2.0008467746725715,0.9023359246255808
470,01_02_A0102134020003600024B,0.5,0.604855775986467,23.0,13.0,1.733330529385005,0.98649864447691
471,01_02_a0102134020003700034A,0.5,0.2695758042159885,27.0,17.0,1.4187762217881017,0.7704948440123972
472,01_02_A0102134020003900029z,0.3333333333333333,0.3085648721900123,24.0,15.0,1.7350513872228923,0.8838902801965008
473,01_02_A0102134020005700032A,0.6666666666666666,0.3896648000705485,32.0,9.0,1.0069456072813188,0.9031286473561624
474,01_02_A0102134020005700032B,0.5,0.25501107856116434,30.0,11.0,1.0018036834546944,0.6785555908392797
475,01_02_A0102134020005700038z,0.6666666666666666,0.2632039070528679,46.0,27.0,0.11182495003737744,0.8274194330914301
476,01_02_A0102134020005700041z,0.6666666666666666,0.08109185091026239,47.0,19.0,0.08197727379876517,0.6829637194673962
477,01_02_A0102134020006400032z,0.6666666666666666,0.22710307755926,23.0,7.0,1.0012648126321988,0.6706780841457722
478,01_02_A0102134020007600033A,0.5,0.2188465216637241,36.0,17.0,1.0031885364080841,0.6611878203414758
479,01_02_a0102134020007600033AA,0.5,0.21914509457849551,36.0,17.0,1.0030627589528498,0.6609104924884904
480,01_02_A0102134030000200026z,0.5,0.4541685447171112,26.0,13.0,1.7347274446163274,0.9020656900135544
481,01_02_A0102134030000200033z,0.6666666666666666,0.3431156860649812,26.0,9.0,1.0032685753496502,0.9022852115154596
482,01_02_A0102134030000400026z,0.3333333333333333,0.5249355093779392,30.0,12.0,1.7348024208435733,0.7877286745466366
483,01_02_A0102134030000400033z,0.5,0.4602274560698354,35.0,12.0,1.0036327728564696,0.8289634947351628
484,01_02_A0102134030000500024z,0.5,0.35102021882083523,25.0,12.0,1.7372463731682883,0.7520969294085273
485,01_02_A0102134030000500026z,0.5,0.4153801931754465,29.0,13.0,1.420667607605049,0.8668361953591937
486,01_02_A0102134030000500034z,0.3333333333333333,0.4406100808885837,27.0,13.0,1.7336715701127237,0.8136155859783016
487,01_02_A0102134030001500026z,0.5,0.4838947631825538,25.0,13.0,1.7338406556308112,0.7390512075734893
488,01_02_a0102134030001500033A,0.5,0.45034299385096793,31.0,12.0,1.0024399718036536,0.8916143974240376
489,01_02_A0102134030001600034z,0.5,0.1765887552788264,36.0,11.0,1.000838284425172,0.6066151289245885
490,01_02_A0102134030001800026z,0.8333333333333334,0.5533665660789702,24.0,7.0,1.0044361236972024,0.9912860448723148
491,01_02_A0102134030001800035z,0.5,0.4391379097531087,33.0,13.0,1.4172946841673812,0.9321945795046652
492,01_02_A0102134030002600031z,0.5,0.24108597545945826,34.0,16.0,1.4157193498218683,0.7353543442636402
493,01_02_A0102134030002600033z,0.6666666666666666,0.2710185611358604,23.0,8.0,1.4157062607684003,0.5916900172997148
494,01_02_A0102134030002600043z,0.6666666666666666,0.0867617541856357,21.0,11.0,1.0011717342748605,0.6629527532549241
495,01_02_a0102134030002900031z,0.5,0.5153397362447715,28.0,16.0,1.0040349705661384,0.8210524828833118
496,01_02_A0102134030004100023z,0.5,0.12843760080940791,32.0,21.0,1.7373114779157606,0.9345334479311086
497,01_02_A0102134030004100035z,0.3333333333333333,0.5481401223431672,34.0,19.0,1.732742855773558,1.006548590712025
498,01_02_A0102134030004100038z,0.6666666666666666,0.5372790600451116,29.0,14.0,1.008387541105014,0.9922980225419806
499,01_02_A0102134030004500025A,0.6666666666666666,0.4282261799597911,24.0,12.0,1.0033826683012776,0.9487690339385332
500,01_02_A0102134030004500025C,0.6666666666666666,0.41326686600598417,24.0,9.0,1.0028853133654316,0.8000950068600015
501,01_02_a0102134030005200027z,0.5,0.4902439695317602,31.0,13.0,1.4170332636344236,0.9651924591306991
502,01_02_a0102134030006100031z,0.5,0.4477560781012706,30.0,12.0,1.4168727432913737,0.8953121637012582
503,01_02_A0102134030007000032A,0.6666666666666666,0.21882332083906336,35.0,16.0,1.0043268146024942,0.7334722289935857
504,01_02_A0102134030007000032B,0.8333333333333334,0.18265520548912534,23.0,8.0,1.0083904914552602,0.6815029256217849
505,01_02_A0102134030007000044z,1.0,0.3007523721900123,23.0,10.0,0.11761432727073022,0.7461897287971571
506,01_02_a0102134030007100032z,0.8333333333333334,0.4243099035976943,24.0,8.0,1.0072754509006607,0.8261270208164377
507,01_02_A0102134030007700032z,0.3333333333333333,0.29196017031988675,33.0,14.0,1.415484604483522,0.8352654438809276
508,01_02_A0102134030007800031z,0.6666666666666666,0.10137025046621773,29.0,14.0,1.0018239742237487,0.7228057918056923
509,01_02_A0102134030008000031A,0.5,0.14969701685940254,27.0,15.0,1.4148203046147896,0.4833223432298266
510,01_02_a0102134030008300031N,0.6666666666666666,0.13046693106244467,32.0,13.0,1.0030928060601,0.7339181924672173
511,01_02_a0102134030008800026A,0.6666666666666666,0.18464023254864426,30.0,10.0,1.4149795153199751,0.6795139383752362
512,01_02_a0102134030008800032A,0.6666666666666666,0.1778206007409593,29.0,10.0,1.4150499096284062,0.6823804805854887
513,01_02_a0102134030009300032z,0.5,0.5457263922016828,28.0,11.0,1.4164503112843807,0.8087113664104859
514,01_02_a0102134030009300034z,0.8333333333333334,0.1916848107522832,17.0,8.0,1.002486463980146,0.6612952606797771
515,01_02_a0102134030010600030B,0.5,0.4446525968344093,37.0,15.0,1.4184154397570063,1.013339841488935
516,01_02_a0102134030010600044z,0.8333333333333334,0.27382178435957505,48.0,17.0,0.11445766862093976,0.8274806622514422
517,01_02_a0102134050001000033B,0.5,0.1825620274170553,27.0,18.0,1.4156987849616889,0.665413792166501
518,01_02_A0102134050001100025z,0.3333333333333333,0.4826438175701953,27.0,15.0,1.7344924236367518,0.9662055532714584
519,01_02_A0102134050001100035z,0.6666666666666666,0.3181729780964878,24.0,12.0,1.0025640473424855,0.8254085228008403
520,01_02_A0102134050002400023z,0.5,0.4633838504841412,32.0,11.0,1.4173986201945752,0.9734300263699538
521,01_02_A0102134050002400028z,0.5,0.4619205568333475,27.0,13.0,1.4167927584932145,0.976142564035033
522,01_02_A0102134050002400033z,0.6666666666666666,0.414004189883748,31.0,6.0,1.0041804075847232,0.9013372507075976
523,01_02_A0102134050002400045z,0.8333333333333334,0.13407201685940254,13.0,9.0,0.04318964265698035,0.6420347759112522
524,01_02_A0102134050002900031z,0.5,0.4225483741737781,30.0,14.0,1.4178574201283736,0.9108838054569128
525,01_02_A0102134050003000032z,0.5,0.10119112384091117,32.0,14.0,1.4152883824153102,0.44291523974903546
526,01_02_A0102134050003700025z,0.5,0.3193705950815785,48.0,23.0,1.00275254144433,0.9187734348444548
527,01_02_A0102134050003700033z,0.5,0.24176698496483665,58.0,27.0,1.0021763185725585,0.8954463571442348
528,01_02_A0102134050004400031z,0.6666666666666666,0.4598406702462857,31.0,13.0,1.0070614607209611,0.9369032355055734
529,01_02_a0102134050005300024z,0.5,0.4851560087231154,34.0,12.0,1.4189064297024534,1.030688088606769
530,01_02_a0102134050005300033z,0.5,0.2572578584206491,30.0,12.0,1.415485878217452,0.6548591118480738
531,01_02_a0102134050005400034B,0.6666666666666666,0.5481104175099782,28.0,12.0,1.0051583312233685,0.9585593085369472
532,01_02_A0102134060000300026z,0.5,0.5386935290191638,29.0,13.0,1.7334848486376269,0.8699441303981144
533,01_02_A0102134060000700024z,0.5,0.4526345546136382,36.0,21.0,1.4182213666573655,0.8107495774161494
534,01_02_A0102134060000700028z,0.6666666666666666,0.44317226728764414,20.0,11.0,1.4165468048228689,0.6910124197654048
535,01_02_A0102134060000800028z,0.6666666666666666,0.6976193699977571,22.0,12.0,1.4165914556735957,0.6886412107561045
536,01_02_A0102134060000900023z,0.3333333333333333,0.3996559972536471,64.0,28.0,0.25389807604493303,0.8240510956286837
537,01_02_A0102134060000900031z,0.3333333333333333,0.3996559972536471,64.0,28.0,0.20850637275331668,0.8323161456139074
538,01_02_A0102134060000900034z,0.5,0.2695060428615563,28.0,13.0,1.4181227169859951,0.7621153938931021
539,01_02_A0102134060001200026z,0.5,0.5232859767575361,27.0,13.0,1.733566489096115,0.9734876966916334
540,01_02_a0102134060001400032z,0.3333333333333333,0.4476533564085766,39.0,23.0,1.742433261396657,1.1159121408947619
541,01_02_A0102134060001700025z,0.3333333333333333,0.5006824952245232,29.0,16.0,2.002500338426495,0.8101935525505467
542,01_02_A0102134060001700033z,0.5,0.4038829916829092,29.0,13.0,1.4171695187828235,0.8918620493706187
543,01_02_A0102134060001800023z,0.3333333333333333,0.5416240916964368,35.0,16.0,1.7359202530228928,1.004552681145999
544,01_02_A0102134060001800025i,0.5,0.3703676820647469,20.0,12.0,1.7343295846455162,0.6965921684809034
545,01_02_A0102134060001800031z,0.3333333333333333,0.2751780887843199,32.0,13.0,1.7358199462149466,0.6979370816326289
546,01_02_A0102134060001800034z,0.6666666666666666,0.2000013332394404,25.0,14.0,1.4215336247724508,0.6726905792911945
547,01_02_A0102134060001900016z,0.5,0.27576706401219364,31.0,18.0,1.7339523385872182,0.720359808362975
548,01_02_A0102134060001900018z,0.5,0.18602280536394966,27.0,18.0,1.7321662851217252,0.687470631862527
549,01_02_A0102134060001900022z,0.6666666666666666,0.2414607558139535,25.0,13.0,1.4169572960346184,0.7582436245971529
550,01_02_A0102134060001900025s,0.5,0.3676895582745037,20.0,12.0,1.7348685689368075,0.6965900850554715
551,01_02_A0102134060002000016z,0.5,0.2751025717119981,31.0,18.0,1.7338003113372813,0.7246925122755034
552,01_02_A0102134060002000022z,0.6666666666666666,0.2432006357878451,25.0,13.0,1.4170649386548173,0.7563237534275737
553,01_02_A0102134060002000025z,0.6666666666666666,0.3635398032200358,31.0,13.0,1.4185463417733128,0.7757543024308694
554,01_02_A0102134060002200026z,0.3333333333333333,0.4838327188208352,28.0,18.0,2.001718133410088,0.8202976177178148
555,01_02_A0102134060002200031z,0.5,0.4805001380057504,29.0,17.0,1.7343977476206571,0.8040486575567796
556,01_02_a0102134070000100034z,0.6666666666666666,0.591777852315643,32.0,11.0,1.00572413088514,0.8796258432803526
557,01_02_a0102134070000200032z,0.6666666666666666,0.30143862283167666,18.0,11.0,1.4163069009461835,0.7583528578921067
558,01_02_A0102134070000200033A,0.3333333333333333,0.35360904889683953,28.0,12.0,1.733404400983999,0.7974624198776619
559,01_02_A0102134070000300018z,0.5,0.3974697454142525,31.0,15.0,1.7359739893742898,0.8614667671687548
560,01_02_A0102134070000300023z,0.3333333333333333,0.4577740868990111,33.0,12.0,1.7363254066724372,0.750165592226419
561,01_02_A0102134070000300027z,0.6666666666666666,0.20228241084732893,25.0,11.0,1.4154797761538491,0.6806360268592619
562,01_02_A0102134070000300030z,0.6666666666666666,0.3452675411765853,23.0,12.0,1.4164666409827844,0.8140629713448622
563,01_02_A0102134070000300045z,0.8333333333333334,0.2430539366036953,25.0,11.0,0.1147250277444728,0.6757777034182844
564,01_02_A0102134070000500032z,0.5,0.17813511246197145,31.0,15.0,1.4145186475441711,0.6808423171302739
565,01_02_A0102134070000600034z,0.8333333333333334,0.23627571556350624,25.0,9.0,1.0019793354052762,0.6955384088650264
566,01_02_A0102134070000900030z,0.3333333333333333,0.5195418445957644,36.0,18.0,1.4154345968499789,0.8308321228946286
567,01_02_A0102134070001500033a,0.6666666666666666,0.4392607901903719,30.0,11.0,1.0034733329777423,0.8904934128773041
568,01_02_A0102134070001600051z,0.6666666666666666,0.3429423822301729,22.0,9.0,1.0014044083627291,0.7132614827485761
569,01_02_a0102134080002200034A,0.6666666666666666,0.25250926819508523,34.0,16.0,1.0036887080256034,0.7222857681961211
570,01_02_a0102134080002200034z,0.6666666666666666,0.25265352605601155,36.0,16.0,1.0033889311660926,0.7211153065159264
571,01_02_a0102134080002200044A,0.6666666666666666,0.3198137991015898,36.0,20.0,0.08691914942252146,0.8161238815663968
572,01_02_a0102134080002200044z,0.6666666666666666,0.3198137991015898,36.0,20.0,0.08288680606680039,0.8101091012451548
573,01_02_a0102134090002100033A,0.5,0.278508254366167,32.0,14.0,1.4150586218398369,0.6877621321493838
574,01_02_a0102134090002100033C,0.6666666666666666,0.2695418445957644,24.0,12.0,1.008967778490182,0.8140615107346151
575,01_02_a0102134100000200033A,0.5,0.2840846236094833,36.0,16.0,1.0028458718573732,0.7251562271082507
576,01_02_a0102134100000300025A,0.6666666666666666,0.17530172405607525,23.0,9.0,1.0022440155039702,0.6809181173114647
577,01_02_a0102134100000300033C,0.6666666666666666,0.2689077794455701,30.0,12.0,1.0095259829958079,0.8230489979442769
578,01_02_a0102134100000400033C,0.5,0.26303600037363284,38.0,16.0,1.0071323770674592,0.8220773011550006
579,01_02_a0102134100000500025z,0.5,0.15484348014233995,27.0,12.0,1.415281476178572,0.6942054384211849
580,01_02_a0102134100000500032z,0.5,0.2702915201612074,32.0,14.0,1.4153574035211818,0.6840668469636538
581,01_02_a0102134100000600033A,0.5,0.2964948247589085,36.0,16.0,1.0054875573196065,0.7266862127361587
582,01_02_a0102134100000600033C,0.6666666666666666,0.26399377453156525,30.0,12.0,1.0084816841450148,0.8085539123380404
583,01_02_a0102134100000700025z,0.5,0.17841817676084548,27.0,12.0,1.4155404539352066,0.6840023679922405
584,01_02_a0102134100000700032z,0.5,0.2744740789946575,32.0,14.0,1.4151532767817063,0.6819406082396436
585,01_02_a0102134100000800033A,0.5,0.2740736645657236,32.0,14.0,1.415136806369397,0.6922279320094987
586,01_02_a0102134100000800033C,0.6666666666666666,0.2645790654394368,30.0,12.0,1.0090927578137368,0.8135860682969206
587,01_02_a0102134100000900033C,0.5,0.2140550609359667,32.0,12.0,1.4153666650824308,0.7409317171961683
588,01_02_a0102134100001000033C,0.5,0.2664067897323041,38.0,16.0,1.00369090735719,0.8237231792673928
589,01_02_a0102134100001000042z,0.6666666666666666,0.3670659062992011,32.0,10.0,0.12352974853139455,0.7875182058851727
590,01_03_A0103142060000200018z,0.3333333333333333,0.3141715488968396,34.0,14.0,1.7347574180327368,0.9168391423077064
591,01_03_A0103142060000200022z,0.6666666666666666,0.4636420740844066,29.0,17.0,1.4210194352290149,0.9902928407925315
592,01_03_A0103142060000200028z,0.6666666666666666,0.3972888922016829,33.0,11.0,1.0052570280045667,0.9114658269683747
593,01_03_a0103142060000200031z,0.6666666666666666,0.3710685428615563,33.0,8.0,1.0041899762408912,0.8786907376524987
594,01_03_A0103142060000400025z,0.3333333333333333,0.4616930608403792,32.0,18.0,1.7340676703783675,0.8269139196734937
595,01_03_A0103142060000400030z,0.5,0.5771417623954621,32.0,12.0,1.0044802456381583,0.8713835774642317
596,01_03_A0103142060000400033z,0.6666666666666666,0.5725538150185471,31.0,9.0,1.0034004145650632,0.8834290246449971
597,01_03_A0103142060000500024z,0.5,0.4584979377857285,32.0,15.0,1.4173830167305697,0.9494207638543872
598,01_03_A0103142060000500032z,0.6666666666666666,0.3543554509395508,30.0,11.0,1.0026065043171335,0.8469523269463681
599,01_03_a0103142060000600032z,0.6666666666666666,0.4165060781012706,31.0,8.0,1.0032229640404566,0.9132547825019606
600,01_03_A0103142060000700024z,0.3333333333333333,0.4864538507426594,37.0,12.0,1.4184531537117715,1.0045563010677103
601,01_03_A0103142060000700034z,0.5,0.4621367836749614,36.0,12.0,1.0059970729938688,0.8988042037677549
602,01_03_A0103142060000800018z,0.3333333333333333,0.3163804498959313,34.0,14.0,1.7352118575666615,0.9176355751551568
603,01_03_A0103142060000800021z,0.3333333333333333,0.431994369997757,31.0,15.0,1.7337551786331482,0.8792996348054541
604,01_03_A0103142060000800026z,0.6666666666666666,0.4499140566307917,26.0,14.0,1.4193360680593443,0.8384362563816841
605,01_03_A0103142060001000024N,0.3333333333333333,0.6015045888029429,38.0,17.0,1.4183004481830777,0.9455040293593278
606,01_03_A0103142060001000033A,0.5,0.5377130540647982,33.0,12.0,1.0036405125600183,0.8494724101043422
607,01_03_A0103142060001000033B,0.6666666666666666,0.17931612384091114,37.0,11.0,1.0039598189872012,0.7909251864546598
608,01_03_A0103142060001600034A,0.5,0.37439810414289343,28.0,11.0,1.4182029525350313,0.8871251540751592
609,01_03_a0103142060001600034B,0.5,0.3762184972536471,28.0,11.0,1.4181750003590332,0.8818047090138912
610,01_03_A0103142060001600045A,0.6666666666666666,0.36444784433380784,34.0,20.0,0.14603384027471228,0.5291589795086146
611,01_03_a0103142060001900024A,0.3333333333333333,0.2556224325846419,28.0,14.0,1.7328211313270192,0.739440357500358
612,01_03_a0103142060001900024B,0.3333333333333333,0.4672988178737373,30.0,17.0,2.002044249648212,0.7522429899659498
613,01_03_a0103142060001900033z,0.5,0.1585817523165794,27.0,14.0,1.414977747426241,0.5278874878982597
614,01_03_a0103142060001900047z,0.8333333333333334,0.13471321556350624,17.0,5.0,0.072131956377662,0.6552452215009864
615,01_03_A0103142070000200026z,0.16666666666666666,0.4986168172584214,44.0,21.0,1.7359762532083118,0.9742972966100456
616,01_03_a0103142070000200032z,0.5,0.37015258886050895,31.0,10.0,1.4158318631230158,0.8751377376077366
617,01_03_A0103142072000100025B,0.5,0.4603298543594928,24.0,13.0,1.734228561559244,0.9364750194453416
618,01_03_A0103142072000100033z,0.5,0.3290125671485207,28.0,13.0,1.4160834098913513,0.8793647354198286
619,01_03_A0103142072000100044B,0.6666666666666666,0.10900362384091117,24.0,10.0,0.053040612293735134,0.6574626623006073
620,01_03_A0103142090000100031z,0.3333333333333333,0.5896348886901213,39.0,18.0,1.4155837934573061,0.8771548075939382
621,01_03_a0103142100000700026z,0.3333333333333333,0.4770783911487905,30.0,16.0,2.0016085913204607,0.8354405076512846
622,01_03_a0103142100000700033z,0.5,0.4052580406363926,29.0,12.0,1.4166558564365392,0.9012020129264284
623,01_03_a0103142100000700043z,0.6666666666666666,0.18022807755926,19.0,6.0,1.000856550721419,0.3863386039953631
624,01_03_a0103142100000900024a,0.5,0.4903473768012913,29.0,14.0,1.4180398431880643,0.971599143356788
625,01_03_a0103142100000900033a,0.5,0.17734193106244467,29.0,19.0,1.4155478263325458,0.7775520228198759
626,01_03_a0103142100000900033b,0.5,0.33819092436711795,30.0,15.0,1.4146322344999689,0.6650424655381929
627,01_03_a0103142100000900033c,0.5,0.3190007763907569,28.0,15.0,1.4148024368591308,0.731868801606662
628,01_03_a0103142100000900033d,0.5,0.37995282926613017,40.0,17.0,1.0037885126514603,0.9153726770889996
629,01_03_a0103142100000900043z,0.6666666666666666,0.1000550779796136,31.0,15.0,1.0019219452392505,0.6702765301921537
630,01_03_A0103142100001900023z,0.5,0.4094412760354825,27.0,13.0,1.7344748920887894,0.8922437423748917
631,01_03_a0103142100001900024z,0.5,0.3905456880152969,29.0,11.0,1.4171516569332934,0.9096071089502182
632,01_03_a0103142100001900032z,0.6666666666666666,0.3578538817904192,33.0,9.0,1.0019460857614773,0.8694643544631923
633,01_03_a0103142100001900042z,0.6666666666666666,0.3073371262388875,16.0,8.0,1.0009405822619653,0.4275411525197846
634,01_03_a0103142100002200027z,0.3333333333333333,0.468691617704179,28.0,16.0,1.7344299183005876,0.9561471333061188
635,01_03_a0103142100002200034z,0.5,0.3819344254760427,29.0,13.0,1.4169761919661856,0.8993276232420647
636,01_03_a0103142100002200043z,0.8333333333333334,0.36778909825143336,22.0,7.0,0.06966904373950847,0.47794126377901597
637,01_03_a0103142100002200045z,0.8333333333333334,0.1914168445957644,31.0,10.0,0.07008296049221717,0.7956891536451727
638,01_03_a0103142100003000028z,0.5,0.11336370751341684,19.0,12.0,1.7326981990564083,0.6987768726393458
639,01_03_A0103142100004100024z,0.5,0.4408342018020384,41.0,19.0,1.0044123927740205,0.9472957135538104
640,01_03_A0103142100004100031A,0.5,0.4645464149204194,33.0,14.0,1.0068302348065077,0.9848128241038604
641,01_03_A0103142100004100032C,0.6666666666666666,0.1858345000645678,37.0,14.0,1.0027701255426795,0.7046634563527121
642,01_03_A0103142100004500023z,0.5,0.5178520863206864,44.0,19.0,1.0058291145015474,0.9321240476638428
643,01_03_a0103142100004800026z,0.5,0.15744138969965166,36.0,14.0,1.4167647630132587,0.6671989076426594
644,01_04_a0104157010004300071z,0.3333333333333333,0.4838891294016263,85.0,42.0,1.017211303865554,0.6164643119149847
645,01_04_A0104157010004500051z,0.8333333333333334,0.4351178298885751,29.0,11.0,0.11230203108743553,0.7888964979854959
646,01_04_A0104157010004500065z,0.3333333333333333,0.3661955406363926,57.0,23.0,0.18629406078375624,0.8610302145321848
647,01_04_A0104157010007900022z,0.5,0.3132646697022087,17.0,10.0,1.4161022563116028,0.7495475640259778
648,01_04_A0104157010007900031A,0.5,0.29877571556350624,20.0,10.0,1.4154421501161658,0.7158409831703061
649,01_04_A0104157010008100026z,0.5,0.2087578015507674,30.0,15.0,1.4155252372099607,0.6162282719271238
650,01_04_A0104157010008100032B,0.6666666666666666,0.262883254366167,31.0,13.0,1.001334800789726,0.7246505392045062
651,01_04_A0104157010008100042z,0.8333333333333334,0.23969261116790186,33.0,11.0,0.08543445454204515,0.670736614923241
652,01_04_a0104157010012700032F,0.5,0.4242747941875849,29.0,13.0,1.4149631873297113,0.8493287397162703
653,01_04_a0104157030000800024z,0.5,0.46502370591720393,28.0,15.0,1.417459324671732,0.9283539742256459
654,01_04_A0104157030000800033z,0.5,0.14519214936024105,36.0,16.0,1.0005426765086625,0.5441377219435081
655,01_04_A0104157030001200020z,0.5,0.2632778558650652,34.0,18.0,1.4229542546913243,0.8672852915406859
656,01_04_A0104157030001200028z,0.5,0.22226572612115894,22.0,14.0,1.7323630571010162,0.6130974203037203
657,01_04_a0104157030001300017A,0.3333333333333333,0.9817585354687196,35.0,17.0,1.7428370520426149,1.2950519195831895
658,01_04_a0104157030001300017B,0.3333333333333333,0.987831451494242,35.0,17.0,1.7410550009356334,1.3057795500914662
659,01_04_a0104157030001300017D,0.3333333333333333,0.9919888212903784,35.0,17.0,1.7416471709341592,1.3118753264793117
660,01_04_A0104157030003700024z,0.5,0.44171378202876294,23.0,16.0,1.7342723825125117,0.7728341273955598
661,01_04_A0104157030003700031z,0.6666666666666666,0.5751301542058039,39.0,15.0,1.0050959101700547,0.8736838367211063
662,01_04_A0104157030004100022z,0.3333333333333333,0.43310111238890303,28.0,16.0,2.0021465964104457,0.7828166989848346
663,01_04_A0104157030004200024z,0.5,0.4468020313529799,23.0,16.0,1.7343857729147103,0.7785243982682415
664,01_04_A0104157030004200031z,0.6666666666666666,0.5726727743870357,41.0,15.0,1.0050886027863404,0.8720080912940864
665,01_04_A0104157030004400022z,0.3333333333333333,0.4760822631825538,31.0,17.0,1.734513479804056,0.9539145138254952
666,01_04_A0104157030004400031z,0.5,0.13921848014233995,30.0,16.0,1.4147899667202273,0.6817668243608359
667,01_04_A0104157030004700022A,0.5,0.2585189480475827,35.0,17.0,1.0024045046139016,0.7816642071841863
668,01_04_A0104157030004700030z,0.5,0.2616498733015901,30.0,15.0,1.0017071149846777,0.7007956901319826
669,01_04_a0104157030006400032z,0.6666666666666666,0.3436920888029429,42.0,20.0,1.008613450406174,0.8828940497369738
670,01_04_A0104157040000700027z,0.3333333333333333,0.5836755707758614,35.0,24.0,1.7388717286057829,0.9261172022820279
671,01_04_A0104157040000700035z,0.5,0.1598620714928612,23.0,15.0,1.4146541941609092,0.5229786943707528
672,01_04_A0104157040001100033z,0.8333333333333334,0.40339032926613017,24.0,8.0,1.0055998068292802,0.8810132794434407
673,01_04_a0104157040001900028z,0.3333333333333333,0.24957948496483665,30.0,14.0,2.0007830380060696,0.7942867740134165
674,01_04_A0104157040002300025z,0.3333333333333333,0.454097497741724,28.0,18.0,2.0020698567760773,0.7331005923318847
675,01_04_A0104157040002400025z,0.3333333333333333,0.2701116470738564,35.0,17.0,1.4152758869213469,0.5319802671821369
676,01_04_A0104157040002400032z,0.6666666666666666,0.2583843119090212,23.0,12.0,1.0010571404763269,0.6865179968416508
677,01_04_A0104157040002900025z,0.5,0.5301825255993485,28.0,15.0,1.737819085868703,0.9186739423917338
678,01_04_A0104157040002900035z,0.5,0.15717091804818478,23.0,14.0,1.4144617569593692,0.4747877835880467
679,01_04_a0104157040004900032z,0.5,0.3844520735022249,29.0,16.0,1.4163088090640636,0.8657109479702448
680,01_04_A0104157040005300032z,0.6666666666666666,0.5254766649305949,35.0,11.0,1.0040540160005198,0.8491482181084794
681,01_04_A0104157040005400028z,0.5,0.3133443775353372,63.0,26.0,1.0035230048194697,0.9058430597969046
682,01_04_A0104157040005400033z,0.5,0.299754424354715,60.0,28.0,1.0015899930279877,0.7235873590245342
683,01_04_A0104157040005400047z,0.6666666666666666,0.2727221848117978,74.0,35.0,0.07999522786954505,0.7958949239563358
684,01_04_A0104157040005500033A,0.8333333333333334,0.26752571556350624,21.0,8.0,1.0040508430091988,0.6942730381943778
685,01_04_A0104157040005500049z,0.6666666666666666,0.2678485461420186,36.0,16.0,0.1697026064609321,0.8050254100964894
686,01_04_A0104157040005900028z,0.5,0.22846012697793025,45.0,16.0,1.4146873851243174,0.726689144692245
687,01_04_A0104157040005900031z,0.5,0.2999925609359667,35.0,14.0,1.4162588387713808,0.7795952262018453
688,01_04_A0104157040006200032z,0.5,0.2862496195301033,57.0,26.0,1.0013262071803717,0.744374158024547
689,01_04_a0104157040006300035z,0.5,0.23135586338386216,30.0,12.0,1.4154780279347885,0.6668577219234187
690,01_04_a0104157040006300039z,0.5,0.1893513734582431,35.0,13.0,1.4153512392299858,0.6856400694264809
691,01_04_A0104157040006400025A,0.5,0.27633517031988675,49.0,20.0,1.0024105257864375,0.8728942490636166
692,01_04_A0104157040006400030z,0.5,0.319506924713833,37.0,13.0,1.0016779624534848,0.7599165973653041
693,01_04_A0104157040006400032z,0.5,0.6196224035976943,41.0,18.0,1.003465430512022,0.9474150735719448
694,01_04_a0104157040006700022z,0.5,0.2517999423312306,30.0,16.0,1.4162197736835191,0.7590918208675665
695,01_04_a0104157040006800024z,0.5,0.5230562138452932,29.0,13.0,1.7342765645969296,0.8697761637517618
696,01_04_a0104157040006800031z,0.5,0.4919066821506184,30.0,13.0,1.4159917045764832,0.8157834417840667
697,01_04_a0104157040006900031B,0.6666666666666666,0.24226255766876945,28.0,12.0,1.0041184046980969,0.6949836805463872
698,01_04_a0104157040007300033z,0.6666666666666666,0.38519398479427547,36.0,16.0,1.0016617384414297,0.6781013646273761
699,01_04_a0104157040007500032z,0.6666666666666666,0.3371137481449599,33.0,15.0,1.0052272032588714,0.7879861501824696
700,01_04_A0104157200000100015z,0.3333333333333333,0.8516603309481217,35.0,19.0,2.007174563171416,1.2145920389965679
701,01_04_A0104157200000100017z,0.3333333333333333,0.8700205715305844,35.0,19.0,2.0081246704252207,1.236825615913429
702,01_04_A0104157200000100021z,0.5,0.3331101896269069,27.0,14.0,1.7372140427960163,0.8618987253894272
703,01_04_A0104157200000200015z,0.3333333333333333,0.5245376413585593,35.0,19.0,2.0062875131419813,1.0560231797576791
704,01_04_A0104157200000200018z,0.5,0.8334321136677716,31.0,17.0,1.7411981768264937,1.220315136101788
705,01_04_A0104157200000200022z,0.3333333333333333,0.3254982559947731,35.0,25.0,1.7378107159955989,0.8644937236630987
706,01_04_A0104157200000700024z,0.5,0.4765038104188117,32.0,13.0,1.4174794330156384,0.9805087178184896
707,01_04_A0104157200000700032z,0.6666666666666666,0.4207137559093276,30.0,11.0,1.0031829645679429,0.8914585559848605
708,01_04_A0104157200002300031z,0.6666666666666666,0.213816924354715,33.0,13.0,1.0016871810309222,0.7190353610254347
709,01_04_A0104157200002600032z,0.5,0.16530475884368845,35.0,15.0,1.4158138541905485,0.811927562190064
710,01_04_A0104157200002600033z,0.5,0.5079404583075695,30.0,15.0,1.0020300786573892,0.9138425378307136
711,01_04_A0104157210000400023z,0.5,0.44253049385096793,38.0,12.0,1.0046921362850625,0.8947369636652075
712,01_04_A0104157220000800035z,0.5,0.4349528910797305,22.0,13.0,1.4164915932680326,0.8736062732384521
713,01_04_A0104157220001300025z,0.5,0.2488019075628321,21.0,11.0,1.4150755781239859,0.7153223567429522
714,01_04_A0104157220001300032z,0.5,0.21978529955528425,23.0,14.0,1.4146063709271914,0.5117393845469814
715,01_04_a0104157220002200023z,0.5,0.2091876794461248,23.0,16.0,1.7341914409675685,0.7095654938279552
716,01_04_a0104157220002600024z,0.5,0.21736439432660365,29.0,11.0,1.4150324460551305,0.7079857149021892
717,01_04_a0104157220003300017z,0.5,0.615696937428458,32.0,18.0,1.739641040335722,1.106687730194256
718,01_04_A0104157220003300022z,0.3333333333333333,0.578093897381688,31.0,18.0,1.736912131740886,0.9236514136670853
719,01_04_A0104157220003300025z,0.3333333333333333,0.5731932782875205,31.0,18.0,1.7373131421414036,0.9073391480123608
720,01_04_A0104157220004500032z,0.6666666666666666,0.24080189432660365,21.0,12.0,1.0002928723279776,0.6501163969429385
721,01_04_a0104157220004800032z,0.6666666666666666,0.2801058633838622,28.0,14.0,1.0090331154162575,0.8058314108798348
722,01_04_A0104157220004900025z,0.3333333333333333,0.2291287856530388,24.0,16.0,2.001112028985728,0.6908620731894963
723,01_04_A0104157220004900026z,0.3333333333333333,0.2188431939492548,25.0,17.0,2.0007752101539413,0.6348919563263258
724,01_04_A0104157220004900035z,0.5,0.16697864173496868,23.0,14.0,1.4149460535958858,0.5192164122110362
725,01_04_a0104157220005300024z,0.5,0.19165692482526264,26.0,14.0,1.4156811574591237,0.8161365466185503
726,01_04_a0104157220005300029z,0.5,0.09478529955528424,28.0,14.0,1.4149739203572458,0.6263791047534247
727,01_04_A0104157220005300032z,0.5,0.3324782472090758,27.0,16.0,1.4165979063165144,0.8265354616815588
728,01_04_a0104157220005400024z,0.5,0.11231836063691132,21.0,9.0,1.4152979976392759,0.4737611515975943
729,01_04_A0104157220005400031N,0.5,0.058178267952977265,29.0,19.0,1.4150426554634374,0.5909614557803872
730,01_04_A0104157220005400041z,0.8333333333333334,0.2771638734582431,28.0,9.0,0.0956632309452662,0.6626669091527027
731,01_04_A0104157220005400042z,0.8333333333333334,0.33624644155882244,30.0,15.0,0.09305508717953773,0.6051533333901159
732,01_04_A0104157220006100031A,0.6666666666666666,0.32307156825024097,21.0,10.0,1.0015814765075708,0.5501944095317919
733,01_04_A0104157220006300024z,0.3333333333333333,0.4306330823346661,30.0,18.0,2.0013776926769467,0.7341634073241505
734,01_04_A0104157220006300031A,0.5,0.481129649360241,42.0,17.0,1.0020151685434406,0.6914892421255081
735,01_04_A0104157220006300031B,0.5,0.2721681767608455,36.0,17.0,1.0013564311639025,0.6685153034811081
736,01_04_A0104157220006900023z,0.16666666666666666,0.4040118049051991,41.0,25.0,1.7357270100930768,0.8282473172567819
737,01_04_A0104157220007200032A,0.5,0.23167128657782135,23.0,14.0,1.4147190471667452,0.5067985018455888
738,01_04_A0104157220007400028z,0.3333333333333333,0.5718300411765853,23.0,13.0,1.7346354838442968,0.859935778564728
739,01_04_a0104157220008600023A,0.5,0.3509775739101779,34.0,15.0,1.4150418426318754,0.5725303710993599
740,01_04_a0104157220009100032A,0.5,0.13450534416661042,31.0,14.0,1.4158321160017928,0.8506688851011285
741,01_04_a0104157220009100042z,0.6666666666666666,0.2705994860553095,27.0,14.0,1.0024282053630211,0.756836694497033
742,01_04_a0104157280001400031B,0.5,0.12260167297152565,21.0,14.0,1.4151673210165874,0.534168211674843
743,01_04_A0104157280002200031z,0.5,0.2771388362723469,24.0,14.0,1.4148727865103743,0.6647620305402346
744,01_04_A0104157280002300031z,0.6666666666666666,0.22297194616217586,33.0,19.0,1.418229671737167,0.8101847615754766
745,01_04_A0104157280002300034z,0.3333333333333333,0.33017154889683953,37.0,17.0,1.4157071008569588,0.8389783003895996
746,01_04_A0104157280002400027z,0.5,0.2529573951643932,30.0,11.0,1.4165780193951192,0.663042210129398
747,01_04_A0104157280002400032z,0.5,0.255070754366167,30.0,12.0,1.416762073585015,0.6638649408288029
748,01_04_A0104157280002500026z,0.6666666666666666,0.5328845963420951,27.0,6.0,1.418497901194194,0.8485519233058899
749,01_04_A0104157280002500028z,0.5,0.5330136541599975,34.0,12.0,1.0028487246044373,0.8263465926408685
750,01_04_A0104157280003400023z,0.5,0.2864983024832029,28.0,15.0,1.4163490021021845,0.8086761154142138
751,01_04_A0104157280003400032z,0.6666666666666666,0.15750951685940254,27.0,15.0,1.0061936662075537,0.6991718324970895
752,01_04_A0104157280003400033z,0.6666666666666666,0.19851233287557912,30.0,12.0,1.0060880271269244,0.7397276310816954
753,01_04_A0104157280003400039z,0.5,0.21914509457849551,37.0,16.0,1.00244698810266,0.7364063938118307
754,01_04_A0104157280004500032z,0.5,0.35200373754152825,43.0,12.0,1.0021263897344044,0.8238521429760204
755,01_04_A0104157280004500042z,0.6666666666666666,0.3031713199591106,43.0,17.0,0.07049022559802608,0.7991423534438473
756,01_04_a0104157280007400032z,0.6666666666666666,0.22176704759438848,30.0,10.0,1.41479715117511,0.7069302557814113
757,01_04_a0104157280008400032D,0.6666666666666666,0.2440699193105789,22.0,16.0,1.0051395011091129,0.7541055653836223
758,01_04_a0104157280008500032A,0.6666666666666666,0.4871026654242304,27.0,8.0,1.4171926868233096,0.8126585541752026
759,01_04_a0104157280008500032F,0.6666666666666666,0.3271830950815785,23.0,8.0,1.4158855398011576,0.7828055260392959
760,01_04_a0104157280008700024C,0.8333333333333334,0.2434796629319273,21.0,5.0,1.0028457824325079,0.7151976408383165
761,01_04_a0104157280008800033F,0.6666666666666666,0.3439224424258087,28.0,11.0,1.0018141055969159,0.7718533871810013
762,01_04_a0104157280008900024C,0.8333333333333334,0.2512206465613831,18.0,5.0,1.0031489665480051,0.7234650171671736
763,01_04_a0104157280008900033D,0.6666666666666666,0.2300183970623353,26.0,9.0,1.0040885197895069,0.7181574705983169
764,01_04_a0104157280008900033E,0.6666666666666666,0.33002571556350624,32.0,9.0,1.0014577122990298,0.7111375375263516
765,01_04_a0104157280009000032z,0.8333333333333334,0.4890486028874499,24.0,7.0,1.0121892826884038,0.7933836181745294
766,01_05_a0105151010000100044z,1.0,0.32221321556350624,12.0,8.0,0.03848462433769941,0.6458033875485552
767,01_05_a0105151010000600031z,0.3333333333333333,0.07678682034710532,25.0,13.0,1.733503879783259,0.6544082793234229
768,01_05_A0105151010001600019z,0.16666666666666666,0.28077639216483097,36.0,21.0,1.7422174845214091,0.7934845758957138
769,01_05_A0105151010001600025z,0.16666666666666666,0.5708764760197801,41.0,24.0,1.7390578366021427,0.8977769940080299
770,01_05_a0105151010006200024z,0.5,0.4330217018020384,34.0,18.0,1.422106270718534,0.9291251532579936
771,01_05_a0105151010006200031A,0.6666666666666666,0.4715698332105651,37.0,18.0,1.005494782981403,0.8561490929471699
772,01_05_a0105151010006200031B,0.5,0.21836982475890854,37.0,19.0,1.4154991832640098,0.8534404537940341
773,01_05_a0105151010006200041z,0.6666666666666666,0.3448979050710009,38.0,13.0,1.0015342021807376,0.6531296647872069
774,01_05_a0105151010006400023z,0.5,0.24997493683732885,34.0,15.0,1.4164061051277632,0.7898073836307196
775,01_05_a0105151050000100031z,0.3333333333333333,0.2392177054891253,27.0,16.0,1.414878345438258,0.7245382613898671
776,01_05_a0105151050000700032z,0.6666666666666666,0.41128049385096793,30.0,11.0,1.0049080775925752,0.9181353941443146
777,01_05_a0105151050001400020z,0.3333333333333333,0.8049960947104258,37.0,22.0,2.0069156233014764,1.1726615601762729
778,01_05_a0105151050001400031z,0.5,0.5219900012777919,29.0,16.0,1.7346692595583952,0.856501676720711
779,01_05_a0105151050002000032z,0.5,0.26326068553539483,22.0,14.0,1.4148416055436237,0.6665513265478152
780,01_05_A0105151050002000033z,0.5,0.16135878657782138,24.0,15.0,1.4146889527084945,0.6655171669522956
781,01_05_A0105151050002000038z,0.8333333333333334,0.1301574069074698,15.0,7.0,0.06969158580610055,0.6759551478777345
782,01_05_A0105151050002000042z,0.8333333333333334,0.1047346288397375,15.0,7.0,0.051646615834824126,0.6517312688281177
783,01_05_a0105151050003100032z,0.5,0.2248557742784802,23.0,15.0,1.4147620203514288,0.6843798797059795
784,01_05_A0105151050004000024z,0.5,0.4369026748111552,30.0,16.0,1.735932348340237,0.8636184020548799
785,01_05_A0105151050004000033z,0.5,0.39546394442648,27.0,11.0,1.4163440661544175,0.9094075130656788
786,01_05_A0105151050004900023z,0.5,0.325605740377402,32.0,13.0,1.4171390203436203,0.8683305240666913
787,01_05_A0105151050004900032A,0.5,0.21511030728610134,27.0,12.0,1.4150641235761356,0.7237893327097565
788,01_05_A0105151050006500032A,0.5,0.4190079663187932,28.0,12.0,1.4162357910418184,0.9539835074179996
789,01_05_A0105151050006800022A,0.3333333333333333,0.4389398011092289,32.0,16.0,1.4159872644077225,0.9320857066895848
790,01_05_A0105151050006800031z,0.6666666666666666,0.23702852605601155,27.0,12.0,1.001931953735845,0.7135110664874466
791,01_05_A0105151050006800040z,0.6666666666666666,0.17529430455648046,40.0,14.0,0.08182127356870339,0.7318190786479748
792,01_05_a0105151050008900031A,0.6666666666666666,0.0778727928077651,33.0,17.0,1.001236366321192,0.5489705630663733
793,01_05_a0105151050008900031B,0.5,0.379969134783562,34.0,13.0,1.4160631774144417,0.8951967384699796
794,01_05_a0105151050008900031C,0.5,0.26429633142989456,22.0,11.0,1.4162039255931804,0.6472695250457027
795,01_05_A0105151054000100025z,0.3333333333333333,0.2848578764542321,30.0,17.0,1.7327445634954657,0.7813722806634327
796,01_05_a0105151069000100034z,0.5,0.2751139982593879,23.0,15.0,1.41489079925253,0.5404854661290434
797,01_05_A0105151080000100033A,0.5,0.2453869687604372,23.0,13.0,1.4155771790921519,0.6186537194737577
798,01_05_a0105151080000400031z,0.5,0.3707906409366406,34.0,12.0,1.4169492046341363,0.8943626218723941
799,01_05_a0105151080000400036z,0.6666666666666666,0.19773181834723214,32.0,12.0,1.001384301311726,0.5408629633784879
800,01_05_A0105151080001700042z,0.6666666666666666,0.12725342436711795,30.0,11.0,1.0018718181848072,0.6942110796671893
801,01_05_a0105151080001800032D,0.6666666666666666,0.1837942930581984,32.0,13.0,1.0042538665777092,0.7043039157228203
802,01_05_a0105151080003200032A,0.5,0.30357697359348484,31.0,12.0,1.415020067848096,0.6801449973592594
803,01_06_a0106143190000300033z,0.3333333333333333,0.5202372705463241,32.0,17.0,1.7343784102970516,0.9970631186079838
804,01_06_a0106143190001200028z,0.5,0.4442267858998977,23.0,13.0,1.7352057365565012,0.6716697952147347
805,01_06_a0106143190001200036z,0.6666666666666666,0.4743671477885701,33.0,11.0,1.0025165177246864,0.840012910645875
806,01_06_a0106143190001300033B,0.5,0.268318896963033,24.0,15.0,1.4151140850117023,0.4928286006089218
807,01_06_a0106143190002900025z,0.5,0.5080527190478268,29.0,13.0,1.7349603278681458,0.7370176988582661
808,01_06_a0106143190002900033z,0.6666666666666666,0.4296059394441033,31.0,8.0,1.0027770905506417,0.9126309764081848
809,01_06_A0106143190003600023z,0.3333333333333333,0.20682633627234687,26.0,16.0,1.7330464928348253,0.6626806994834772
810,01_06_a0106143190003600033z,0.5,0.17314013410969634,32.0,11.0,1.0023149559907003,0.7093505094079444
811,01_06_a0106143200000200033N,0.6666666666666666,0.5176715488968395,30.0,11.0,1.0072464634626066,0.7823291401385123
812,01_06_a0106143200000200033S,0.8333333333333334,0.33302571556350624,23.0,8.0,1.0061675024109078,0.7569001181785324
813,01_06_a0106143200000200033T1,0.8333333333333334,0.3396263627024708,25.0,10.0,1.003437051114458,0.7147493375814784
814,01_06_A0106143200000400036z,0.6666666666666666,0.4933614713774598,30.0,9.0,1.0039290959918434,0.8296916996219053
815,01_06_A0106143200000500027z,0.5,0.4463560447171112,25.0,14.0,1.7370833088307998,0.8147840628555266
816,01_06_A0106143200000500034z,0.6666666666666666,0.2603538761557613,30.0,10.0,1.0037485717269587,0.7629705363291341
817,01_06_A0106143210002300033A,0.5,0.3801040710207334,34.0,12.0,1.4162558461239292,0.8896138155960324
818,01_06_A0106143300000200033z,0.8333333333333334,0.5732322373026367,24.0,5.0,1.0041810742664583,0.8236436598077731
819,01_06_a0106143300000300025z,0.3333333333333333,0.5052566004432313,30.0,16.0,2.0024218000844978,0.8648357407359571
820,01_06_a0106143300000300034z,0.6666666666666666,0.3510258896582138,22.0,14.0,1.4187671700126765,0.7216691189446798
821,01_06_A0106143300000600052A,0.6666666666666666,0.3271407762104065,59.0,24.0,0.10540043449631567,0.8765321126371071
822,01_07_A0107152050000100023z,0.3333333333333333,0.4974441004432313,24.0,12.0,1.7388722428227912,1.0398984562158329
823,01_07_A0107152050000100024z,0.3333333333333333,0.4803435121736758,24.0,12.0,1.7382287565433119,1.029850071318081
824,01_07_A0107152050000100029z,0.3333333333333333,0.3803679345836791,22.0,13.0,1.7333924572304582,0.8836184266563331
825,01_07_A0107152050000100034z,0.5,0.3631008580136487,23.0,10.0,1.4165965568454195,0.8650441104314867
826,01_07_A0107152050000400024z,0.5,0.5536188889952406,26.0,13.0,1.7364339323357398,0.9966824727690584
827,01_07_A0107152050000400028z,0.3333333333333333,0.5010840779328443,23.0,13.0,1.7351162264569922,0.954814670007138
828,01_07_A0107152050000400031z,0.3333333333333333,0.4014674559764856,23.0,13.0,1.7338378801422092,0.8950067731392383
829,01_07_A0107152050000500021z,0.5,0.5508824571365399,25.0,15.0,1.7407853348344895,1.0329847353102388
830,01_07_A0107152050000500034z,0.5,0.18312440263980345,27.0,13.0,1.4202250338520253,0.7058663452086398
831,01_07_A0107152050000600023z,0.3333333333333333,0.5043169526769083,27.0,12.0,1.7384709874569315,1.0474114493513464
832,01_07_A0107152050000600025z,0.5,0.39529712229133496,26.0,12.0,1.4208355802405652,0.9026292801170056
833,01_07_A0107152050000600030z,0.3333333333333333,0.3630768683012584,21.0,13.0,1.7332724393867505,0.8587439695475892
834,01_07_A0107152050000600034z,0.5,0.34646855302907104,24.0,14.0,1.416857110234281,0.8320718132130639
835,01_07_A0107152050000700027z,0.6666666666666666,0.1809825954084675,21.0,10.0,1.4155263966965712,0.6071479222752261
836,01_07_A0107152050000700029z,0.5,0.18312440263980345,23.0,14.0,1.7371785842170908,0.6342141691617844
837,01_07_a0107152050000700032z,0.3333333333333333,0.18160601169106888,32.0,13.0,1.7337658744292006,0.6436511903348969
838,01_07_A0107152050000700033A,0.3333333333333333,0.16539625895878673,30.0,13.0,1.7330012875063066,0.6763118916432842
839,01_07_A0107152050000700033B,0.5,0.20000776517186136,21.0,14.0,1.735329291137631,0.6826945286685849
840,01_07_A0107152050000800024z,0.5,0.5683220476098383,32.0,12.0,1.4222798330452653,1.0029710293181648
841,01_07_A0107152050000800033z,0.6666666666666666,0.08172816559281065,26.0,12.0,1.0005221655196757,0.5002693629737497
842,01_07_A0107152050000800043z,0.8333333333333334,0.3673843292526013,11.0,9.0,0.07034186087827758,0.4156474025809646
843,01_07_a0107152050000900020z,0.16666666666666666,0.5860856014950652,39.0,24.0,1.7416043037039823,1.0536357615517185
844,01_07_a0107152050000900022z,0.5,0.4667841901397775,29.0,13.0,1.734496102824011,0.9263363935710331
845,01_07_a0107152050000900032z,0.6666666666666666,0.1768604701188204,28.0,13.0,1.0019039528351878,0.5614131240649516
846,01_07_a0107152050001000024A,0.6666666666666666,0.4999413104188117,29.0,14.0,1.4189796133041397,0.9612809170011668
847,01_07_a0107152050001300021z,0.5,0.24760167297152566,23.0,13.0,1.4152037946073637,0.6253420545622912
848,01_07_a0107152050001300032z,0.6666666666666666,0.310228064134118,23.0,10.0,1.0008238470327504,0.564623682758056
849,01_07_a0107152050001500034z,0.5,0.4648471441349348,25.0,9.0,1.4177147515557509,0.8010901649418385
850,01_07_A0107152050001600018z,0.3333333333333333,0.5992100784978692,32.0,14.0,1.740075626143366,1.1093087166590196
851,01_07_A0107152050001600019z,0.5,0.6560288019832593,25.0,12.0,1.7415430973835886,1.068142161998244
852,01_07_a0107152050001700028z,0.16666666666666666,0.26854810993984946,36.0,21.0,1.739468454457137,0.730626250821953
853,01_07_A0107152050001800025z,0.5,0.24610372539151604,27.0,11.0,1.4241391347799663,0.7292561164902785
854,01_07_A0107152050001800031z,0.6666666666666666,0.1424381495328535,19.0,14.0,1.4149049692435969,0.6978774563301767
855,01_07_A0107152050001900021z,0.3333333333333333,0.4606981578077307,37.0,15.0,1.7376250753293727,0.9879714819637964
856,01_07_A0107152050001900027z,0.3333333333333333,0.17585669750481547,27.0,13.0,1.7332056105011096,0.6891028206316949
857,01_07_A0107152050001900028z,0.6666666666666666,0.42998961820377024,29.0,10.0,1.4170883170058406,0.9226277731479556
858,01_07_A0107152050001900031z,0.6666666666666666,0.06185524492695699,23.0,12.0,1.4166285973823682,0.4487189632831746
859,01_07_a0107152050002000028z,0.3333333333333333,0.4904563175701953,23.0,13.0,1.7343456899871508,0.9494447937937278
860,01_07_A0107152050002000033z,0.5,0.24404835851056786,26.0,14.0,1.4153326674615159,0.5866380228086063
861,01_07_a0107152050002200025z,0.5,0.2930891336244288,29.0,16.0,1.7360040235311798,0.7342809294152084
862,01_07_a0107152050002200036A,0.6666666666666666,0.17480999452331716,18.0,12.0,1.4149182989133118,0.6484696634557066
863,01_07_A0107152050002400027z,0.5,0.3473578764542321,28.0,16.0,1.7354903426658346,0.7346052250839434
864,01_07_A0107152050002400036z,0.6666666666666666,0.3686033017704028,23.0,12.0,1.4151251989629705,0.6268018722510651
865,01_07_A0107152050002600022z,0.3333333333333333,0.28408526295678016,26.0,12.0,1.7449085932853363,0.8201798995210189
866,01_07_a0107152050002900026z,0.5,0.3489452016624445,28.0,16.0,1.7354299350415614,0.7412353249308011
867,01_07_a0107152050002900034z,0.6666666666666666,0.3686033017704028,23.0,12.0,1.4151249773542012,0.6261792316987231
868,01_07_a0107152050003200033z,0.5,0.2548427054891253,25.0,13.0,1.4144989499661147,0.6826770422616026
869,01_07_A0107152050003300034z,0.5,0.22812393640865156,26.0,12.0,1.416501797113145,0.6320939079260699
870,01_07_A0107152050003400026z,0.5,0.2626849274520148,23.0,13.0,1.4160487952884095,0.6956495874314695
871,01_07_A0107152050003400035z,0.6666666666666666,0.30342772124358913,36.0,17.0,1.000718148595235,0.5595299619826527
872,01_07_A0107152050003500027z,0.5,0.2479895069189293,23.0,13.0,1.7343364051999894,0.6974973108982989
873,01_07_A0107152050004200034z,0.6666666666666666,0.3384788761557613,27.0,12.0,1.0028281667145025,0.7322889201204061
874,01_07_A0107152050004300024z,0.3333333333333333,0.3213728390403481,32.0,16.0,1.7325547119345872,0.7563919160650541
875,01_07_A0107152050004300032z,0.5,0.23592552070023004,25.0,15.0,1.4146568522336946,0.680526359143419
876,01_07_A0107152050004300038z,0.6666666666666666,0.22796527600306665,17.0,6.0,1.0017062521543838,0.6425754533710853
877,01_07_A0107152050004600014z,0.3333333333333333,0.7508832737030411,36.0,19.0,1.7341580589823615,1.1999773741400217
878,01_07_A0107152050004800024z,0.3333333333333333,0.6205588037988004,28.0,17.0,2.0023356857643733,0.8747048192748184
879,01_07_A0107152050004800030z,0.5,0.4126011799597911,27.0,13.0,1.733783078569413,0.8965606687175964
880,01_07_a0107152050005000034A,0.6666666666666666,0.3979128424291779,26.0,9.0,1.0036208314142918,0.8841890283671318
881,01_07_A0107152050005700033z,0.5,0.1329090216637241,40.0,16.0,1.4159411772152757,0.6527448580226386
882,01_07_A0107152050006000022z,0.3333333333333333,0.25544564481835536,27.0,16.0,2.0004540974184346,0.7108520506457029
883,01_07_A0107152050006000030z,0.5,0.3511172180553375,23.0,14.0,1.415203699728954,0.7024566747255743
884,01_07_A0107152050006000040A,0.6666666666666666,0.25362898870120376,28.0,16.0,1.0028015652279338,0.6564979834904655
885,01_07_A0107152050006000040B,0.5,0.312319733622197,35.0,13.0,1.4150141697238514,0.6830817101949627
886,01_07_A0107152050006100035zj,0.6666666666666666,0.1471234167129315,28.0,11.0,1.0094407855972676,0.8094569046211036
887,01_07_a0107152050006100038z,0.6666666666666666,0.3528328121052929,26.0,14.0,1.0143351872023656,0.9460510224283528
888,01_07_A0107152050006400032B,0.5,0.559758254366167,30.0,16.0,1.4150039362677251,0.7276747186189134
889,01_07_A0107152050006900020z,0.5,0.3611547790309985,28.0,18.0,1.7347778644017258,0.7926125952951142
890,01_07_A0107152050006900032A,0.5,0.26433702953453303,23.0,14.0,1.4157452815789862,0.7095926780315608
891,01_07_A0107152050006900032B,0.5,0.39904807794882735,29.0,13.0,1.4154095523487131,0.752916360875539
892,01_07_A0107152050007400023z,0.3333333333333333,0.26315549428660084,28.0,16.0,1.7324844777651007,0.7470986563395426
893,01_07_A0107152050007400031z,0.5,0.2644269075628321,23.0,15.0,1.4147812196362153,0.6842613427497498
894,01_07_a0107152050008700020A,0.5,0.6260326600079507,31.0,17.0,1.7385272723176963,1.0756834815580427
895,01_07_a0107152050008700020B,0.3333333333333333,0.5330955035493721,29.0,16.0,2.0020446902828968,0.8124224339456146
896,01_07_a0107152050008700023z,0.5,0.42918813719360027,30.0,12.0,1.4176359533673553,0.967601695096036
897,01_07_a0107152050010300031z,0.5,0.37627031210529294,41.0,17.0,1.0023116768245144,0.8774494669633233
898,01_07_a0107152050012200030B,0.8333333333333334,0.22748450677229745,18.0,13.0,1.0142144028010576,0.7863799947539909
899,01_07_A0107152070000100034z,0.6666666666666666,0.1747281994253081,24.0,13.0,1.0006291186026692,0.4941244333846818
900,01_07_A0107152070000700023A,0.3333333333333333,0.35629856151650885,30.0,17.0,1.7326951170756553,0.8186628521586129
901,01_07_A0107152070000700023B,0.3333333333333333,0.060905656985513375,33.0,18.0,1.7332133779122778,0.7821520980922453
902,01_07_A0107152070000700024A,0.3333333333333333,0.5840561925953084,35.0,17.0,1.7351004767624902,1.0060810984839268
903,01_07_A0107152070000700024B,0.3333333333333333,0.3356981578077307,24.0,16.0,2.0018621262748546,0.7962267988911975
904,01_07_A0107152070000700032z,0.5,0.12444506184141545,24.0,14.0,1.4147906992643742,0.5119722541233576
905,01_07_A0107152070000700049z,0.6666666666666666,0.18028909825143336,25.0,8.0,1.0019549197233861,0.6590991897882881
906,01_07_a0107152070000800023a,0.5,0.3627638108016015,30.0,14.0,1.4156067642921055,0.8108358482265842
907,01_07_a0107152070000800023b,0.5,0.4005829936313914,30.0,14.0,1.4154630336996945,0.8139475012906916
908,01_07_a0107152070000800024a,0.6666666666666666,0.5926393519271426,23.0,11.0,1.4198124672613572,0.9956189972047312
909,01_07_a0107152070000800024b,0.5,0.4613561014155962,23.0,13.0,1.7341937881136191,0.8099267367240125
910,01_07_a0107152070000800032z,0.6666666666666666,0.2530170475943885,21.0,12.0,1.0007068263892898,0.6752130751634816
911,01_07_A0107152070000900038z,0.5,0.2105187809236132,29.0,16.0,1.7328295983088449,0.6425300690369993
912,01_07_A0107152070001100035z,0.6666666666666666,0.34271368548831826,28.0,10.0,1.002231760706948,0.7361742375869839
913,01_07_A0107152070001200033z,0.6666666666666666,0.1780664264946593,24.0,13.0,1.0005891578464177,0.4935928291357278
914,01_07_A0107152070001300032z,0.6666666666666666,0.3041540050371904,30.0,12.0,1.0013629424501211,0.5791306470387745
915,01_07_a0107152070001400024z,0.16666666666666666,0.5019279368178616,42.0,24.0,1.7387004797016854,0.962024066215836
916,01_07_A0107152070001600034z,0.6666666666666666,0.2670174324309761,24.0,12.0,1.0098861180662797,0.7716140721798276
917,01_07_a0107152070002500054z,0.8333333333333334,0.4074684972536471,41.0,21.0,0.10725607788587292,0.8519616040447311
918,01_07_A0107152080000100025z,0.3333333333333333,0.15427609942478415,23.0,12.0,1.7394543420845276,0.7279735549525657
919,01_07_A0107152080000100029z,0.6666666666666666,0.2452242614248038,25.0,11.0,1.4154060681766711,0.7092354417531371
920,01_07_A0107152080000100034z,0.6666666666666666,0.24555645802290305,25.0,11.0,1.4156964743973324,0.7086003654760908
921,01_07_A0107152080000200033z,0.8333333333333334,0.24272807755926,22.0,11.0,1.00048962671056,0.6542617113698984
922,01_07_a0107152080000400024C,0.5,0.4329702794455701,31.0,17.0,1.7342183746808038,0.8716850738404318
923,01_07_A0107152080000400032A,0.8333333333333334,0.24272807755926,22.0,11.0,1.00048962671056,0.6542617113698984
924,01_07_a0107152080000700026z,0.3333333333333333,0.5344575337453245,37.0,22.0,1.7379528574433587,0.9659604252956484
925,01_07_a0107152080000700032z,0.8333333333333334,0.2908624423312306,20.0,11.0,1.0014218289966657,0.6470368822386264
926,01_07_a0107152080000800025z,0.3333333333333333,0.17243948165227102,31.0,23.0,1.7399313396085212,0.6807404625981417
927,01_07_A0107152080000800026z,0.5,0.2588490789946575,27.0,13.0,1.733217006894349,0.7258301649067922
928,01_07_A0107152080000800028z,0.3333333333333333,0.18366919750481547,29.0,13.0,1.7329363339650468,0.6717256767171637
929,01_07_A0107152080000800034z,0.5,0.2596949193105789,23.0,14.0,1.7342242601377644,0.6722369593904165
930,01_07_A0107152080001000025A,0.5,0.5111898049105853,29.0,13.0,1.73433829386295,0.9454443621859434
931,01_07_A0107152080001000025B,0.5,0.2518492844364937,28.0,14.0,1.415012217730186,0.7497554231898597
932,01_07_A0107152080001000030z,0.5,0.2440367844364937,31.0,13.0,1.41472490834791,0.7339024909480875
933,01_07_A0107152080001200025z,0.3333333333333333,0.5966997438320575,34.0,15.0,1.7351656362968195,1.062564153015179
934,01_07_A0107152080001200029z,0.5,0.34260139220168284,24.0,15.0,1.4173941023768923,0.9045817903462052
935,01_07_A0107152080001200032z,0.5,0.2972380371598053,33.0,15.0,1.0004547725903987,0.5260315364838621
936,01_07_A0107152080001300023z,0.5,0.2546007212181029,25.0,13.0,1.733121016818935,0.7387238371893504
937,01_07_a0107152080002200025z,0.5,0.5230871562414724,34.0,21.0,1.4223648808997742,0.9596349486982582
938,01_07_a0107152080002200032z,0.6666666666666666,0.3120547180553375,21.0,12.0,1.0014107878790328,0.6872913847242812
939,01_07_A0107152080002500025z,0.5,0.2843784613406707,23.0,13.0,1.7337117253174443,0.6966542489162055
940,01_07_A0107152080002500032z,0.5,0.1875030200686777,30.0,11.0,1.002023877507336,0.5195038874386011
941,01_07_A0107152080002700025z,0.3333333333333333,0.5199120791998699,29.0,16.0,2.0028496894730616,0.936500608362902
942,01_07_A0107152080002700033z,0.5,0.2790599325846419,25.0,15.0,1.4159851407881592,0.6926101621316815
943,01_07_A0107152080002700043z,0.6666666666666666,0.2449341550539521,11.0,8.0,1.0006404193420415,0.3823544620438672
944,01_07_A0107152080002800025z,0.3333333333333333,0.5260283657401846,29.0,16.0,2.0023034309330456,0.9421018447831454
945,01_07_A0107152080002800033z,0.5,0.2716985339188954,25.0,15.0,1.4150803060803996,0.6837446141061333
946,01_07_A0107152080002800043z,0.6666666666666666,0.23196472158760265,11.0,8.0,1.0022301468822346,0.3962824844354997
947,01_07_A0107152080003000025z,0.5,0.15992703135297992,33.0,16.0,1.4160510543777114,0.7119174586505399
948,01_07_A0107152090000200026z,0.3333333333333333,0.5260283657401846,27.0,16.0,2.002360467973884,0.9432430617753323
949,01_07_A0107152090000600026z,0.5,0.5132089782753706,27.0,13.0,1.733759742069361,0.9333225121783656
950,01_07_A0107152090000600033SN,0.6666666666666666,0.11240467886804828,28.0,13.0,1.001406006712606,0.503479356755031
951,01_07_A0107152090000600045N1,0.8333333333333334,0.21328856017503506,35.0,19.0,0.0622805658368997,0.7911614539226526
952,01_07_a0107152090001100033z,0.5,0.4772082090484672,27.0,11.0,1.0007593278659466,0.6099553023714251
953,01_07_A0107152090001700035z,0.8333333333333334,0.342110244770523,21.0,11.0,1.0017025251688272,0.5482000997618988
954,01_07_A0107152090002200026z,0.3333333333333333,0.292575864571934,26.0,12.0,1.7383977603484784,0.7914005342629935
955,01_07_A0107152090002200031z,0.5,0.2458991054388804,24.0,10.0,1.4219473849292392,0.7128719646625996
956,01_07_a0107152090002400025z,0.3333333333333333,0.15880839116503204,28.0,17.0,1.4156576464455652,0.4657539226054822
957,01_07_A0107152090002400033z,0.6666666666666666,0.3276399723559568,26.0,15.0,1.002050870185743,0.6792649728033602
958,01_07_a0107152090002400045z,0.6666666666666666,0.20201447359348484,14.0,14.0,0.05804080514232776,0.2618320482858173
959,01_07_A0107152090002400054z,0.6666666666666666,0.2937160071267817,34.0,18.0,0.09645167265855467,0.5307254115951664
960,01_07_a0107152090002700025z,0.3333333333333333,0.3206344489800182,28.0,15.0,1.732874149631752,0.7529410498173068
961,01_07_a0107152090002700033A,0.5,0.18629035256584814,34.0,14.0,1.4149557548804452,0.6599677628232445
962,01_07_A0107152090002800026z,0.3333333333333333,0.3992851199522209,28.0,17.0,2.0015374694584933,0.6962544884275347
963,01_07_A0107152090003600034z,0.8333333333333334,0.21888732791475465,18.0,12.0,1.0032886664336074,0.7431872560902596
964,01_07_A0107152090003600047z,0.6666666666666666,0.23157357856116434,32.0,14.0,1.0023798711578469,0.7066651394877329
965,01_07_a0107152090003900024z,0.5,0.2477520086669545,19.0,12.0,1.4166357614269656,0.7304467430010314
966,01_07_a0107152090003900034z,0.3333333333333333,0.4116414070528679,34.0,15.0,1.4182852040508718,0.7559255636338892
967,01_07_a0107152090003900045z,0.5,0.4570054498959313,41.0,17.0,1.0085037889329018,0.7703819490642253
968,01_07_A0107152090004200025z,0.5,0.2241414070528679,33.0,14.0,1.4152165583125518,0.7796728131667119
969,01_07_A0107152099000100025z,0.5,0.29014407366365996,25.0,13.0,1.733776920506126,0.7167751439099644
970,01_07_A0107152099000100031z,0.5,0.2532601614296601,27.0,15.0,1.733724831599192,0.7132310310772345
971,01_07_A0107152099000100032z,0.6666666666666666,0.2498077504662177,26.0,12.0,1.000803018150035,0.6744025284487465
972,01_07_A0107152100000100025A,0.3333333333333333,0.4497528827461688,27.0,16.0,1.734077003612464,0.9471681083862716
973,01_07_A0107152100000100025B,0.5,0.533377988290779,24.0,13.0,1.734888814579349,0.9546004862911098
974,01_07_A0107152100000100043z,0.6666666666666666,0.07033404741617771,29.0,13.0,0.0847712830347684,0.6546541215282693
975,01_07_a0107152100000200031z,0.5,0.2379148364534789,25.0,15.0,1.4149089484885364,0.6452228009997385
976,01_07_A0107152100000200049z,0.6666666666666666,0.15497858679320464,34.0,12.0,0.13044534034752248,0.6557260624140048
977,01_07_A0107152100000300025z,0.3333333333333333,0.679119770938099,29.0,16.0,2.0019795307193102,0.8905968085926623
978,01_07_A0107152100000400024z,0.5,0.26298184383174217,27.0,12.0,1.7368138208772417,0.7402820557949779
979,01_07_a0107152100000400025z,0.5,0.2671195172524583,27.0,12.0,1.7370998003933822,0.7394447840733632
980,01_07_A0107152100000400026z,0.5,0.13190766355737288,30.0,14.0,1.4153393143811135,0.6374551435533462
981,01_07_A0107152100000400034z,0.5,0.2127374423312306,27.0,15.0,1.0008831509966751,0.6099812742462839
982,01_07_A0107152100001300024z,0.5,0.2713555199353337,32.0,15.0,1.4169472862421526,0.7634064408621721
983,01_07_A0107152100001300032z,0.6666666666666666,0.5279241470738564,21.0,12.0,1.003737828912461,0.7012268588910385
984,01_07_A0107152100001600026z,0.5,0.2381932386848597,32.0,14.0,1.4153150970154038,0.7193329359534455
985,01_07_A0107152100001600034z,0.6666666666666666,0.4142227092343923,25.0,10.0,1.0043487064798742,0.7749880666234945
986,01_07_A0107152100001800031A,0.6666666666666666,0.3190662600599934,26.0,12.0,1.0056205024100444,0.7151473051721398
987,01_07_a0107152100001900033B,0.5,0.33246390237669304,25.0,10.0,1.4231443709913596,0.7425462252974216
988,01_07_A0107152100001900033z,0.5,0.3370854050710009,27.0,10.0,1.4240548029268731,0.7510957457565953
989,01_07_A0107152100002400025z,0.5,0.2959111152716115,28.0,16.0,1.416115515122264,0.7762997355530585
990,01_07_A0107152102000100024z,0.5,0.1866960716935132,33.0,16.0,1.416717488679906,0.6905118738162697
991,01_07_A0107152102000100032A,0.5,0.336518607702713,34.0,16.0,1.4161275640616786,0.7075675058265649
992,01_07_A0107152102000100041z,0.5,0.4240612899760389,44.0,16.0,1.4207609188393822,0.7545019026576532
993,01_07_a0107152120000600024z,0.6666666666666666,0.4665448761474479,21.0,8.0,1.4167429527394138,0.774670349995538
994,01_07_a0107152120000600034z,0.8333333333333334,0.2630007451143337,23.0,9.0,1.0052323962433256,0.7187376904203564
995,01_07_a0107152120000600038z,0.8333333333333334,0.3454215488968396,21.0,8.0,1.0073496455422584,0.7678346597819815
996,01_07_a0107152130000500026C,0.6666666666666666,0.4139409062992011,24.0,11.0,1.008197185998439,0.7434721730797478
997,01_07_a0107152130000500033C,0.6666666666666666,0.4188393578611563,25.0,14.0,1.00238906227629,0.7081388728260645
998,01_07_a0107152130000700033B,0.6666666666666666,0.5440735785611643,36.0,14.0,1.0054601865901407,0.7415621306576099
999,01_08_a0108153010000200017S,0.3333333333333333,0.3235558783643875,33.0,18.0,2.0020712922519968,0.720407525578198
1000,01_08_a0108153010000200023z,0.5,0.17134150503719042,25.0,14.0,1.732873659910259,0.6841527620641003
1001,01_08_a0108153010000200028z,0.8333333333333334,0.16638344592717694,25.0,11.0,1.0006492928927226,0.645592556722883
1002,01_08_a0108153010000200031z,0.8333333333333334,0.101149879674589,22.0,11.0,1.0003579631921988,0.6456463410553145
1003,01_08_a0108153010001700025z,0.3333333333333333,0.4648471441349348,30.0,17.0,2.001128295180113,0.7320764371179714
1004,01_08_A0108153010002400032z,0.6666666666666666,0.16141934383174214,21.0,13.0,1.000851977577606,0.5058983524398489
1005,01_08_a0108153010003300024A,0.3333333333333333,0.4053719254760427,28.0,17.0,2.0009104381083267,0.7134923769219729
1006,01_08_A0108153010003800033z,0.3333333333333333,0.2736845978529231,36.0,19.0,1.419873065639204,0.7026924691057246
1007,01_08_a0108153010005900033A,0.5,0.10004631995911062,22.0,9.0,1.4152603288859076,0.5906588427118489
1008,01_08_A0108153030000200026z,0.5,0.4332906409366406,32.0,21.0,1.4208599167562197,0.7380497017602359
1009,01_08_A0108153030000200032z,0.5,0.3761035216859552,33.0,10.0,1.416544771165584,0.8845147280143079
1010,01_08_A0108153030000200043z,0.6666666666666666,0.09408116138743401,10.0,8.0,1.0021718358736773,0.645811778582242
1011,01_08_A0108153030000300017z,0.5,0.8943874176911659,33.0,17.0,1.7359998779593464,1.1600988180798326
1012,01_08_A0108153030000300022z,0.6666666666666666,0.4034398946679838,26.0,14.0,1.419752483782012,0.8963781746592817
1013,01_08_a0108153030000400025z,0.3333333333333333,0.5219900012777919,29.0,16.0,2.001281601182836,0.8230972529358249
1014,01_08_a0108153030000400032z,0.5,0.14534533563475086,24.0,14.0,1.4145710979327142,0.5264379172246849
1015,01_08_a0108153030000400043z,0.8333333333333334,0.16295197359348484,19.0,8.0,0.06237901144637178,0.6515063278192813
1016,01_08_A0108153030000500029z,0.5,0.431994369997757,26.0,14.0,1.7334819321009525,0.7629225259908556
1017,01_08_a0108153030000600017z,0.5,0.8142224836243428,31.0,17.0,1.744420299334535,1.1714667266055196
1018,01_08_a0108153030000600026A,0.5,0.4500500311254659,23.0,14.0,1.7360143881125247,0.9705926505736411
1019,01_08_a0108153030000600026B,0.5,0.422927847346452,29.0,16.0,1.7331162507455666,0.8059129243221431
1020,01_08_a0108153030000600026C,0.3333333333333333,0.4584979377857285,35.0,18.0,1.7414273870591497,0.837838105570164
1021,01_08_a0108153030000600032z,0.6666666666666666,0.1569297229330769,23.0,14.0,1.4156360634048428,0.6664444273047008
1022,01_08_a0108153030000800033z,0.5,0.35748783677562745,25.0,14.0,1.7346922893546868,0.7941423914834894
1023,01_08_a0108153030001100025z,0.3333333333333333,0.4672988178737373,29.0,16.0,2.0018368550842567,0.7855629195224901
1024,01_08_a0108153030001100032z,0.5,0.2203289418240741,25.0,15.0,1.4157406174156362,0.6708463216032508
1025,01_08_a0108153030001100042z,0.6666666666666666,0.12930063386415985,17.0,8.0,1.0017068566879874,0.6354300016803659
1026,01_08_A0108153030002300024z,0.5,0.5142418172584214,29.0,13.0,1.73424677858374,0.8296750501163297
1027,01_08_A0108153030002300032z,0.5,0.4056946118845765,27.0,12.0,1.4174492234785354,0.8882347496515137
1028,01_08_A0108153030002400022z,0.5,0.4286955406363926,29.0,16.0,1.7355186498080692,0.8756181272888672
1029,01_08_A0108153030002400031a,0.5,0.4102531620466867,31.0,13.0,1.41641895668742,0.8836441884681999
1030,01_08_A0108153030002400031a1,0.5,0.14195875895878673,27.0,15.0,1.4148699399720284,0.6614509675927907
1031,01_08_a0108153030002500034z,0.8333333333333334,0.26767631797314484,18.0,11.0,1.0027104856671476,0.7795530706746863
1032,01_08_a0108153030002800031z,0.5,0.17142971805533747,23.0,14.0,1.414481181934385,0.5367926678825935
1033,01_08_a0108153030002900026z,0.5,0.5472297791677465,26.0,15.0,1.417558519049632,0.8882163007411338
1034,01_08_a0108153030002900032z,0.5,0.3614957859860415,36.0,12.0,1.0022511046549054,0.8597184775625106
1035,01_08_a0108153030003700031z,0.5,0.283943896963033,23.0,14.0,1.4164816602968695,0.6877437082869082
1036,01_08_a0108153030005400024A,0.6666666666666666,0.2486492326766594,17.0,6.0,1.4158007209890622,0.7149597409793904
1037,01_08_a0108153030005400024C,0.5,0.2629815321183161,29.0,15.0,1.4151286598638222,0.7243462684977419
1038,01_08_a0108153030005400034A,0.6666666666666666,0.31868127453156525,30.0,15.0,1.0053517821896574,0.786456941901547
1039,01_08_a0108153030005400034C,0.6666666666666666,0.20550648479427547,24.0,11.0,1.0048597078261985,0.7513416580785579
1040,01_08_a0108153030005400046A,0.8333333333333334,0.415115347346452,27.0,10.0,0.12420269883044785,0.8109327340159531
1041,01_08_a0108153030005400057z,0.6666666666666666,0.661219134783562,49.0,22.0,0.14711241951007625,0.8314937821197745
1042,01_08_a0108153034000100041z,0.5,0.429629189883748,32.0,11.0,1.0045780671678175,0.8231901011658586
1043,01_09_A0109139050000100022z,0.5,0.3896680459469871,31.0,16.0,1.7367342546876303,0.8899159778317225
1044,01_09_A0109139050000200025z,0.6666666666666666,0.4175445977387329,23.0,11.0,1.4185294415062584,0.941930848083782
1045,01_09_A0109139050000200033z,0.3333333333333333,0.5490252548755455,24.0,13.0,1.732309946328248,0.7276613612706698
1046,01_09_A0109139050000200036z,0.8333333333333334,0.16317681601497352,21.0,5.0,1.000472540944344,0.6637030540965679
1047,01_09_A0109139050000200045z,0.6666666666666666,0.3198137991015898,28.0,10.0,1.0043005185366356,0.8069822779137078
1048,01_09_A0109139050000600033z,0.6666666666666666,0.4459858741737781,30.0,12.0,1.0052576840068632,0.9296560887394714
1049,01_09_A0109139050000600043z,0.6666666666666666,0.246407405455602,38.0,11.0,0.06345048130216066,0.6388274999368726
1050,01_09_A0109139050000700027z,0.5,0.5289586423927746,26.0,13.0,1.7347752141575747,0.9628118075350668
1051,01_09_A0109139050000700033z,0.6666666666666666,0.29866206407855195,23.0,14.0,1.0009880430570868,0.6154904328428454
1052,01_09_A0109139050000800025z,0.3333333333333333,0.4946251571442623,25.0,16.0,2.0021944112723618,0.9333139641883718
1053,01_09_A0109139050000800033z,0.5,0.13437393640865153,28.0,17.0,1.0014282597355255,0.6619414368265928
1054,01_09_A0109139050000800043z,0.8333333333333334,0.12073922318877855,5.0,5.0,0.047704909962507036,0.6490990458357939
1055,01_09_A0109139050000900033z,0.6666666666666666,0.4273204916829092,39.0,18.0,1.003871150809076,0.9092127051093908
1056,01_09_A0109139050001100013z,0.6666666666666666,0.5150318230553629,31.0,13.0,1.4216702183635797,0.9601694186768236
1057,01_09_A0109139050001100021z,0.6666666666666666,0.3086271367521367,27.0,13.0,1.4173492492010893,0.863806348432003
1058,01_09_A0109139050001200024z,0.5,0.5164060087231154,25.0,13.0,1.7338625770330929,0.9297238462610228
1059,01_09_A0109139050001400049z,0.6666666666666666,0.32368145802290305,31.0,15.0,0.05593250373001348,0.5497260352192985
1060,01_09_A0109139050001900014z,0.3333333333333333,0.8357506649562187,34.0,19.0,2.010777417905016,1.2686969536196808
1061,01_09_A0109139050001900017z,0.3333333333333333,0.7885519501314076,37.0,19.0,2.0097023561683187,1.2264662306395522
1062,01_09_A0109139050001900021z,0.5,0.3897469254760427,23.0,15.0,1.736929805889435,0.958064852239076
1063,01_09_A0109139050002100017z,0.3333333333333333,0.32691015665111955,37.0,19.0,2.0033966527277647,0.9093971061711468
1064,01_09_A0109139050002100021z,0.5,0.42920176057958337,23.0,15.0,1.7352713593809932,0.9169564157545664
1065,01_09_A0109139050002600021z,0.5,0.4680733959758774,24.0,13.0,1.7384960112601897,1.0140466174097635
1066,01_09_A0109139050002900017z,0.3333333333333333,0.5892781665438984,34.0,19.0,2.0059073182180875,1.0733751998311216
1067,01_09_A0109139050002900021z,0.5,0.4670188175701953,24.0,13.0,1.7385000382779956,1.0151214038635497
1068,01_09_A0109139050003300021z,0.3333333333333333,0.6417739973504478,29.0,12.0,1.737550877308425,1.0892759737904814
1069,01_09_A0109139050003500017z,0.3333333333333333,0.7220633078144287,34.0,19.0,2.0062858213255113,1.1622597836308908
1070,01_09_A0109139050003600031A,0.5,0.20513882796090988,25.0,14.0,1.4153281405855564,0.6873759053580561
1071,01_09_a0109139050004000032z,0.6666666666666666,0.3802786257630628,26.0,13.0,1.006309582671005,0.7041574342975031
1072,01_09_A0109139050004600032z,0.6666666666666666,0.3219840488968396,30.0,8.0,1.0039450597125168,0.8245342178981461
1073,01_09_a0109139050004800023z,0.5,0.4342509969139886,30.0,12.0,1.417902217692759,0.9458310558734968
1074,01_09_a0109139050005200022z,0.5,0.4719252623913008,45.0,19.0,1.0056373072372382,0.948847725296474
1075,01_09_A0109139050005200032A,0.5,0.31521855302907104,36.0,12.0,1.005740028397479,0.8348878064539337
1076,01_09_A0109139050006300032A,0.5,0.6201587330562176,37.0,16.0,1.0054046337247862,0.9132478883769232
1077,01_09_A0109139050006300032B,0.5,0.2274289366036953,44.0,18.0,1.0022785902670857,0.6784367513491943
1078,01_09_a0109139050006800046z,0.6666666666666666,0.3185517714218169,42.0,25.0,0.12497111485311516,0.8644426996265469
1079,01_09_a0109139052000100018z,0.3333333333333333,0.8501327872766538,33.0,19.0,2.002262283413005,1.189654857252906
1080,01_09_a0109139052000100025z,0.5,0.4818191004432313,22.0,14.0,1.7342362822074666,0.9264429508767972
1081,01_09_A0109139200000100015z,0.5,0.948604482686794,29.0,17.0,1.7361536340243482,1.1978466117127935
1082,01_09_A0109139200000100017z,0.5,0.8889953808354727,29.0,17.0,1.7355042811283532,1.1593454077049838
1083,01_09_A0109139200000200018z,0.16666666666666666,0.4238253187381095,36.0,17.0,1.7379332429364531,0.9055231865664036
1084,01_09_A0109139200000200022z,0.16666666666666666,0.4382010432788621,38.0,24.0,1.7385651982628767,0.8761280291252034
1085,01_09_A0109139200000200028z,0.3333333333333333,0.3820340008661,27.0,13.0,1.733613361028903,0.7817013356394131
1086,01_09_A0109139200000200033z,0.3333333333333333,0.3727633916198443,27.0,13.0,1.7336300332791614,0.7614962090369981
1087,01_09_A0109139200000300013z,0.5,0.9057317825091128,37.0,19.0,1.7340659656650583,1.1678286308303625
1088,01_09_A0109139200000300017z,0.3333333333333333,0.8806271799986527,35.0,17.0,1.7416644578329483,1.2034588203924952
1089,01_09_A0109139200000300026z,0.3333333333333333,0.4904563175701953,32.0,24.0,1.7356005146193567,0.8657111176403235
1090,01_09_A0109139200000300029z,0.3333333333333333,0.36012465756977585,25.0,13.0,1.7340443539270234,0.767317260099407
1091,01_09_A0109139200000300033z,0.3333333333333333,0.3995546609912348,24.0,13.0,1.7338080696152864,0.7954832695993358
1092,01_09_A0109139200000300035z,0.5,0.2409595563129208,23.0,15.0,1.7334115808008508,0.72264446101782
1093,01_09_A0109139200000400019z,0.3333333333333333,0.3837927095212101,34.0,14.0,1.7356708354624772,0.8521981912037628
1094,01_09_A0109139200000600023z,0.5,0.3624601178958677,25.0,16.0,1.4162431941519835,0.8234677602578082
1095,01_09_A0109139200001000019z,0.16666666666666666,0.821635937238383,38.0,18.0,1.7515024194097868,1.1640708386961087
1096,01_09_A0109139200001100033z,0.5,0.3218458503705597,33.0,18.0,1.415100774417305,0.6635673344560173
1097,01_09_A0109139200001100044z,0.6666666666666666,0.29222776656128896,42.0,17.0,1.0042867333661225,0.6804783323570155
1098,01_09_A0109139200001300042z,0.6666666666666666,0.23431829798108866,24.0,8.0,1.0026832075340568,0.6059648054806731
1099,01_09_A0109139200001600053z,0.6666666666666666,0.35470002295136904,27.0,12.0,0.06939396774915342,0.6371275718002763
1100,01_09_A0109139200002300037z,0.5,0.29927479418758485,23.0,14.0,1.4160038878938246,0.7368623204914799
1101,01_09_A0109139200002500032z,0.8333333333333334,0.3334624163307697,26.0,10.0,1.0029126302077094,0.7262084308468092
1102,01_09_A0109139200002600035z,0.6666666666666666,0.37202644442648,27.0,11.0,1.0035690478398682,0.8025393193793794
1103,01_09_A0109139200002700043z,0.6666666666666666,0.26399377453156525,33.0,15.0,0.07703159011891242,0.8105027940734691
1104,01_09_A0109139200002800032z,0.6666666666666666,0.6206704940445189,31.0,11.0,1.0020526932330485,0.8706466468309391
1105,01_09_A0109139200003100043z,1.0,0.2333085438463345,15.0,2.0,0.023359699891296097,0.6585128926632164
1106,01_09_A0109139200003200018z,0.5,0.9058792397925812,31.0,17.0,1.7469700411382851,1.2207088357701017
1107,01_09_A0109139200003200022z,0.3333333333333333,0.4928354823273546,31.0,18.0,2.001607558170684,0.8509538527986864
1108,01_09_A0109139200003200024z,0.3333333333333333,0.5352179406494169,29.0,17.0,2.0020979340241905,0.9791269026794196
1109,01_09_A0109139200003200025z,0.3333333333333333,0.3542901654242304,38.0,19.0,1.4200511415243724,0.8231842406242046
1110,01_09_A0109139200003200028z,0.5,0.27943839286847083,27.0,13.0,1.7329478177235988,0.8206770661057159
1111,01_09_A0109139200003300013z,0.5,0.9303396425041456,37.0,19.0,1.7342567326137748,1.1741764623203332
1112,01_09_A0109139200003300023z,0.5,0.36168367900998144,25.0,16.0,1.4155940649651297,0.8162653368766423
1113,01_09_A0109139200003400013z,0.5,0.9303396425041456,37.0,19.0,1.734250961826483,1.1730677158034095
1114,01_09_A0109139200003400023z,0.5,0.40133637281166346,24.0,18.0,1.415188897912248,0.8724204106416056
1115,01_09_A0109139200003500013z,0.5,0.9394720625954698,37.0,19.0,1.7341614900364732,1.1765169200601129
1116,01_09_A0109139200003500023z,0.3333333333333333,0.4059368191057405,31.0,15.0,1.7334190139004642,0.8201592164294657
1117,01_09_A0109139200003500029z,0.3333333333333333,0.3608124406308917,27.0,13.0,1.7332230211362833,0.7935203900073278
1118,01_09_A0109139200003500030z,0.3333333333333333,0.3068945881125259,33.0,16.0,1.7327940941644957,0.8394880803712285
1119,01_09_A0109139200003500033a,0.3333333333333333,0.3816391240848095,27.0,13.0,1.7329472847691796,0.755470239014698
1120,01_09_A0109139200003800019z,0.3333333333333333,0.3837000671485207,36.0,14.0,1.7347238442755235,0.8826669016073055
1121,01_09_A0109139200004300019z,0.3333333333333333,0.3813342555084098,36.0,14.0,1.7345544522556295,0.8785245612846834
1122,01_09_A0109139200004700033z,0.8333333333333334,0.3689538482416389,27.0,7.0,1.0016201363344626,0.8467330867439078
1123,01_09_A0109139200004800034z,0.6666666666666666,0.3163391554131303,29.0,12.0,1.001647345092184,0.8001272949415323
1124,01_09_A0109139200005100025z,0.16666666666666666,0.5473868266746174,32.0,18.0,2.0054471596619003,0.8340237806305247
1125,01_09_A0109139200005200025z,0.5,0.5966997438320575,22.0,13.0,1.7352555517498949,0.7739399025181782
1126,01_09_A0109139200005200033z,0.5,0.4151298822301729,34.0,11.0,1.001602878108243,0.8189931745020591
1127,01_09_A0109139200005700025z,0.5,0.3444724963059657,30.0,15.0,1.415228988695856,0.7949604941228721
1128,01_09_A0109139200006200026z,0.3333333333333333,0.5396812883189241,29.0,16.0,2.0012039902857395,0.8463714465924478
1129,01_09_A0109139200006200033z,0.6666666666666666,0.41714246084652506,29.0,9.0,1.002603644457308,0.8617755784360279
1130,01_09_A0109139200006300036z,0.6666666666666666,0.3615889987715263,30.0,12.0,1.0022976635083891,0.7652582751151149
1131,01_09_A0109139200007000033A,0.6666666666666666,0.10121268888918394,24.0,12.0,1.0006977426494037,0.5063926340640718
1132,01_09_A0109139200007300032A,0.5,0.5149333058569601,30.0,12.0,1.4158847497208134,0.8598747583295671
1133,01_09_A0109139200007300032B,0.5,0.22493337080975892,28.0,16.0,1.4149987383041935,0.7355405840094184
1134,01_09_a0109139200007500033B,0.5,0.3632981581522328,26.0,15.0,1.415182090142788,0.6904579631688897
1135,01_09_a0109139200007500044z,0.8333333333333334,0.2936834915719988,29.0,13.0,0.06196590813348255,0.5284502920251151
1136,01_09_A0109139200007600033A,0.6666666666666666,0.32188241971985754,28.0,13.0,1.0007269948974158,0.6863770784694594
1137,01_09_A0109139200007600033B,0.5,0.2658790528000402,24.0,16.0,1.4150635320181095,0.7264273749973954
1138,01_09_A0109139200008100021z,0.5,0.4082167366902668,26.0,16.0,1.7340971715128806,0.8460066236350192
1139,01_09_A0109139200008100025A,0.3333333333333333,0.5298536972148824,29.0,16.0,2.000745886272193,0.8238200060893295
1140,01_09_A0109139200008200033z,0.5,0.3776127408799619,32.0,12.0,1.4152888057141413,0.8758848024220592
1141,01_09_A0109139200008500031A,0.5,0.33065299658540404,31.0,11.0,1.416697477102813,0.8380351158706427
1142,01_09_A0109139200008600023z,0.5,0.29292059573779816,26.0,10.0,1.4156373433194818,0.9115269491782066
1143,01_09_A0109139200008700031A,0.5,0.6169464074695115,30.0,13.0,1.4158411549256316,0.8834083762854549
1144,01_09_A0109139200010100032z,0.6666666666666666,0.5478494012458328,36.0,14.0,1.002450529567943,0.8390920894005858
1145,01_09_a0109139200012300050z,0.8333333333333334,0.3885488098787517,30.0,12.0,1.0065106828405914,0.8942353726540422
1146,01_09_a0109139200013100033C,0.6666666666666666,0.3757329524056116,38.0,20.0,1.0041184332674804,0.6836423194504379
1147,01_09_a0109139200013200033A,0.6666666666666666,0.22511288349519504,25.0,16.0,1.0039267461588763,0.7203469575308924
1148,01_09_a0109139200013200033C,0.6666666666666666,0.3639959915719988,38.0,20.0,1.0042817691378267,0.6894462032014705
1149,01_09_A0109139203000100025z,0.6666666666666666,0.3874784647043997,21.0,10.0,1.421953240583102,0.7366970218051443
1150,01_09_A0109139203000100043z,0.8333333333333334,0.11141224468971984,18.0,9.0,0.03593795978322998,0.6487684853635328
1151,01_09_A0109139220000100028z,0.5,0.3458305429292351,35.0,13.0,1.4158691072341625,0.8664664108820669
1152,01_09_a0109139220000300022z,0.3333333333333333,0.591133811097005,29.0,12.0,1.7344415309163044,0.9201618379476174
1153,01_09_A0109139220000400037z,0.5,0.2660278942127437,33.0,13.0,1.415163817162547,0.838028067252544
1154,01_09_A0109139220000400042z,0.8333333333333334,0.2875634902887809,29.0,7.0,0.09275788596233964,0.8333033254592858
1155,01_09_A0109139220000500015z,0.3333333333333333,0.7159805126114768,33.0,19.0,2.0022478360073404,1.1261850085168283
1156,01_09_A0109139220000500017z,0.3333333333333333,0.8836187107325884,33.0,19.0,2.0054661747042197,1.2167321696788158
1157,01_09_A0109139220000500018z,0.3333333333333333,0.7379689189855594,33.0,19.0,2.0021524001336286,1.1220674961254875
1158,01_09_A0109139220000500028z,0.6666666666666666,0.5334276142976835,34.0,11.0,1.0038946726762683,0.894916939879989
1159,01_09_A0109139220000500031z,0.6666666666666666,0.6348622278250866,33.0,6.0,1.0040766878601417,0.8982475923704081
1160,01_09_A0109139220000800025z,0.3333333333333333,0.36279639682871295,35.0,14.0,1.7329624978944012,0.8792238380755233
1161,01_09_A0109139220000800032z,0.5,0.4008277716992765,28.0,14.0,1.4156883010492372,0.8843245207813216
1162,01_09_A0109139220000800042z,0.6666666666666666,0.3447557274966805,27.0,6.0,1.0027136709477409,0.8489346094524026
1163,01_09_A0109139220000900025z,0.5,0.44013246487480095,34.0,14.0,1.4185624171140343,1.023304076112702
1164,01_09_A0109139220000900033z,0.5,0.2490350829845881,24.0,15.0,1.4146349116689203,0.6863130160460934
1165,01_09_A0109139220000900043z,0.8333333333333334,0.234375,13.0,9.0,0.033020002590535995,0.3645742295439831
1166,01_09_A0109139220000900044z,0.6666666666666666,0.17233255392940322,31.0,10.0,0.05583707563769248,0.6706229019846329
1167,01_09_A0109139220001000026z,0.5,0.4783506435173968,22.0,13.0,1.7337272969428197,0.9320878811727896
1168,01_09_A0109139220001000033z,0.6666666666666666,0.2730076991789449,26.0,12.0,1.0007902913562403,0.6723719979932453
1169,01_09_a0109139220001200032z,0.5,0.3381514987715263,35.0,13.0,1.415857665241303,0.8654967154386198
1170,01_09_A0109139220001300018z,0.5,0.3440924271538027,32.0,19.0,1.4210877387936216,0.8491972341334494
1171,01_09_A0109139220001300040z,0.8333333333333334,0.21283821556350624,25.0,9.0,0.0938538476295389,0.6360379181985045
1172,01_09_A0109139220001500037z,0.6666666666666666,0.22247637345824312,29.0,10.0,1.002028707959431,0.8095769855005273
1173,01_09_A0109139220001500042z,0.6666666666666666,0.30368459646699697,30.0,14.0,1.0009009179293462,0.4689751920763211
1174,01_09_A0109139220001700019z,0.5,0.5268917097998175,35.0,19.0,1.421733382289912,0.9741807011484792
1175,01_09_A0109139220001700027z,0.6666666666666666,0.34346698062374725,20.0,10.0,1.4166056446394035,0.8495991187077482
1176,01_09_A0109139220001700031z,0.8333333333333334,0.2745590713586545,22.0,8.0,1.0046201665961407,0.8013967389360834
1177,01_09_A0109139220002500032z,0.6666666666666666,0.3441605929477024,27.0,11.0,1.0025152123384753,0.8231409238079267
1178,01_09_A0109139220002800027z,0.3333333333333333,0.5168727304888794,30.0,17.0,2.0012370916857543,0.8046731743414921
1179,01_09_A0109139220002800038z,0.5,0.3981243191057405,30.0,12.0,1.415413202821163,0.8930583278239566
1180,01_09_A0109139220003000027z,0.6666666666666666,0.26943120336838433,24.0,10.0,1.4166238140417469,0.8262899991577076
1181,01_09_A0109139220003000031z,0.8333333333333334,0.3117668886842352,27.0,5.0,1.0015557977812146,0.8314376508094251
1182,01_09_A0109139220003100026z,0.3333333333333333,0.4753427709570922,34.0,15.0,1.7342757248375578,0.9631009216252072
1183,01_09_A0109139220003100027z,0.6666666666666666,0.4840633261829753,29.0,13.0,1.4166643451739065,0.9368252602761958
1184,01_09_A0109139220003100039z,0.8333333333333334,0.23627571556350624,20.0,9.0,1.002770075866244,0.7051226754126345
1185,01_09_A0109139220003200024z,0.3333333333333333,0.40932996084652506,39.0,17.0,1.7332376527218487,0.9738880795881186
1186,01_09_A0109139220003200036z,0.5,0.3336728285856193,34.0,13.0,1.4151694432095006,0.8408621036871929
1187,01_09_A0109139220003500018z,0.3333333333333333,0.9261376341681572,33.0,19.0,2.002512418218557,1.2304783848316845
1188,01_09_A0109139220003600019z,0.16666666666666666,0.4133659200489944,44.0,21.0,1.7340649147870901,1.0664588010401574
1189,01_09_A0109139220003600028z,0.6666666666666666,0.5369863098787517,33.0,13.0,1.0036465420981902,0.9007715856458872
1190,01_09_A0109139220003600031z,0.6666666666666666,0.38338085122242094,28.0,7.0,1.0032563961881713,0.8716642001070614
1191,01_09_A0109139220003800037z,0.5,0.13985041056261988,27.0,14.0,1.4150735595677404,0.5739160350180861
1192,01_09_A0109139220004200030z,0.6666666666666666,0.4428729377857285,25.0,11.0,1.4159496825499822,0.9181158801759222
1193,01_09_A0109139220004300036z,0.6666666666666666,0.4189663492682416,29.0,8.0,1.0020196151726803,0.9050439718004548
1194,01_09_A0109139220004400018z,0.5,0.7384402177280085,31.0,17.0,1.7383360165518893,1.1161659529887509
1195,01_09_A0109139220004500018z,0.5,0.4986663861174421,31.0,17.0,1.7350839773668143,0.97186150736678
1196,01_09_A0109139220004700024z,0.3333333333333333,0.4755919548797456,29.0,16.0,2.0009501160599084,0.8006927977718088
1197,01_09_A0109139220004700032z,0.5,0.6400534054369239,26.0,13.0,1.4156614927999618,0.9069099983486424
1198,01_09_a0109139220004900032B,0.6666666666666666,0.062012438361433726,26.0,12.0,1.0012710131731588,0.6124593878399106
1199,01_09_A0109139220004900042z,0.6666666666666666,0.27858893395431084,18.0,8.0,1.0022263292621505,0.6393075255341528
1200,01_09_A0109139220005000030z,0.5,0.2587981077046998,25.0,15.0,1.414873051941095,0.6613268629092048
1201,01_09_A0109139220005600025z,0.5,0.4783506435173968,25.0,14.0,1.734073332884802,0.9163053850404058
1202,01_09_A0109139220005600033z,0.5,0.4012110016670485,34.0,12.0,1.4154157173385005,0.8854320325804869
1203,01_09_A0109139220005700023z,0.5,0.4655486747471798,32.0,12.0,1.4183995437779036,0.9558775585316998
1204,01_09_A0109139220005700049z,0.8333333333333334,0.34193839286847083,29.0,10.0,0.10863381814734736,0.7768213717749842
1205,01_09_A0109139220006300033B,0.5,0.2726899104787605,28.0,12.0,1.4148147235363668,0.7170849511558558
1206,01_09_a0109139220006700031z,0.5,0.2297997736083127,34.0,12.0,1.0026024606614332,0.7780463939862814
1207,01_09_a0109139220007100035D,0.6666666666666666,0.4235015927564887,21.0,13.0,1.4156894473152375,0.8646579169155685
1208,01_09_A0109139230000100018z,0.3333333333333333,0.7081680126114768,36.0,18.0,1.7425324946808955,1.2040928258768753
1209,01_09_A0109139230000200021z,0.16666666666666666,0.4262493303392319,37.0,22.0,1.7370981421973404,0.9176524133627328
1210,01_09_A0109139230000200026z,0.3333333333333333,0.4447264197888584,32.0,16.0,1.4172646754199074,0.9186153496644859
1211,01_09_A0109139230000200042z,0.5,0.16346064882839328,36.0,13.0,0.10019123006365743,0.6679173860818338
1212,01_09_A0109139230000300021z,0.5,0.5219900012777919,23.0,14.0,1.7352117741167183,1.0130209128697951
1213,01_09_A0109139230000600017z,0.6666666666666666,0.7016775012777919,29.0,16.0,1.4199407847476642,0.9910777994204764
1214,01_09_A0109139230000600019z,0.5,0.6334604823273546,31.0,15.0,1.73693514245481,0.9770652706426776
1215,01_09_a0109139230000600024z,0.3333333333333333,0.12076753799341278,25.0,15.0,1.7324305827857354,0.5830645090419473
1216,01_09_A0109139230000600027z,0.6666666666666666,0.4377540528000402,35.0,15.0,1.0077941863195516,0.8240148185883386
1217,01_09_A0109139230000700010z,0.3333333333333333,0.6175466185735397,37.0,21.0,2.0019946666228083,1.078658933144277
1218,01_09_A0109139230000700014z,0.5,0.4053534009855011,30.0,17.0,1.735867551715626,0.9557591172651266
1219,01_09_A0109139230000700017z,0.3333333333333333,0.3802757155635063,29.0,15.0,2.0030290521177463,0.9035882053909328
1220,01_09_A0109139230000800024z,0.3333333333333333,0.4566613904946357,29.0,15.0,1.7335307476958182,0.9104685890974256
1221,01_09_A0109139230000900021z,0.16666666666666666,0.523737489263812,43.0,22.0,1.7410253765456862,0.9837414878939648
1222,01_09_a0109139230001000022z,0.3333333333333333,0.5027823770055125,27.0,15.0,1.7365968306043849,1.0441636161452446
1223,01_09_a0109139230001000026z,0.3333333333333333,0.3998641060648255,31.0,12.0,1.7357749530424205,0.9598037537994156
1224,01_09_a0109139230001400014z,0.3333333333333333,0.7463971730533847,35.0,21.0,2.0018999771393324,1.123676855762613
1225,01_09_a0109139230001400023z,0.3333333333333333,0.2573132972628527,31.0,17.0,1.7324841969884297,0.8322646369534086
1226,01_09_a0109139230001400044z,0.6666666666666666,0.24195594486999394,22.0,10.0,1.0040759963682169,0.5140850701562061
1227,01_09_A0109139230001600040z,0.5,0.5021907387653624,35.0,14.0,1.41579323848872,0.9010021277247224
1228,01_09_A0109139230001600048z,0.6666666666666666,0.31028601138717216,35.0,13.0,1.0032412755840572,0.8607864606307426
1229,01_09_A0109139230001700032z,0.5,0.380196311097005,30.0,11.0,1.4158766736631154,0.8795853570972256
1230,01_09_A0109139230001900040z,0.6666666666666666,0.19280575629670374,30.0,16.0,1.0016139983752534,0.7648284416335331
1231,01_09_A0109139230001900049z,0.8333333333333334,0.30722915237060155,30.0,10.0,0.0808627681703279,0.8261705703287808
1232,01_09_a0109139230002200038z,0.5,0.16566972271914132,21.0,15.0,1.414409160436441,0.6754643661875204
1233,01_09_A0109139230002400032z,0.5,0.40523175951955015,33.0,18.0,1.4157597414151588,0.7871096376683618
1234,01_09_A0109139240000100022z,0.5,0.4153038485558336,31.0,17.0,1.734351721645533,0.9173731885574612
1235,01_09_a0109139240000400032A,0.3333333333333333,0.4208382155635062,36.0,14.0,1.4155580314335603,0.9116411051365868
1236,01_09_a0109139240000500033z,0.5,0.36241831428724,22.0,15.0,1.0041413050010848,0.6759201546052487
1237,01_09_a0109139240000500043z,0.6666666666666666,0.11949527969176275,27.0,10.0,0.03697002145004133,0.664826363069315
1238,01_09_A0109139240000800025z,0.5,0.42771424862135743,24.0,13.0,1.733944457866417,0.9265816827103258
1239,01_09_A0109139240001100026z,0.3333333333333333,0.33348694974072146,27.0,15.0,1.7332963734118287,0.8661072824722059
1240,01_09_A0109139240001200017z,0.5,0.5993120191938692,32.0,17.0,1.7397779186809923,1.0942469996277937
1241,01_09_A0109139240001200021z,0.3333333333333333,0.4119863098787517,28.0,15.0,2.0022484354116457,0.9508820639864288
1242,01_09_A0109139240001200025z,0.3333333333333333,0.40681835122242094,28.0,15.0,2.0023520418649348,0.9469054475329004
1243,01_09_A0109139240001600021z,0.3333333333333333,0.6144358279230568,39.0,19.0,1.4201198778957238,1.077333037350886
1244,01_09_A0109139240002300025z,0.5,0.5298536972148824,29.0,13.0,1.7342641951109568,0.8539208747804915
1245,01_09_a0109139240002400015z,0.5,0.6059126792598759,33.0,17.0,1.7382515282891284,1.0831662690603878
1246,01_09_a0109139240002400021z,0.3333333333333333,0.4119863098787517,28.0,15.0,2.002352854920254,0.9503302975897608
1247,01_09_a0109139240002500015z,0.3333333333333333,0.7231671013312965,35.0,19.0,2.00801838583615,1.1436414510925008
1248,01_09_a0109139240002500021z,0.3333333333333333,0.3663961974912171,29.0,14.0,1.7365739963149156,0.8647573784520316
1249,01_09_a0109139240003400033A,0.5,0.4080888751941131,29.0,13.0,1.416456115942055,0.914860920509866
1250,01_09_a0109139240003400050z,0.6666666666666666,0.3199487228098831,24.0,11.0,0.1373473746583954,0.5264355387497696
1251,01_09_a0109139240004000029B,0.3333333333333333,0.5298536972148824,34.0,18.0,2.002028829640705,0.9225554792714524
1252,01_09_A0109139240006300031A,0.6666666666666666,0.4591258928684708,23.0,10.0,1.0074237607218328,0.8349925319869589
1253,01_10_A0110132010000100031z,0.6666666666666666,0.2261328767582488,24.0,12.0,1.0002256475407951,0.6961077789206305
1254,01_10_A0110132010000300032z,0.5,0.3674861586014809,40.0,17.0,1.0043965803215535,0.8768407111517358
1255,01_10_A0110132010000400032z,0.8333333333333334,0.28709190518783545,19.0,9.0,1.0004697833537397,0.5781284440240213
1256,01_10_A0110132010000500030z,0.5,0.3831111586014809,24.0,14.0,1.732657866442627,0.8598740603697038
1257,01_10_A0110132010001600023A,0.5,0.4624465024715842,29.0,13.0,1.4181790868662667,0.9426042821184633
1258,01_10_A0110132010001600031z,0.5,0.4106243303392319,28.0,12.0,1.4163536193363082,0.8810880170572317
1259,01_10_A0110132010001700032A,0.5,0.39615747232026294,32.0,16.0,1.4154777403662633,0.7098577839530762
1260,01_10_A0110132010001700032D,0.5,0.3009286383192473,34.0,13.0,1.4153104361567448,0.6410827461967314
1261,01_10_a0110132010002000033z,0.5,0.18649709646699694,27.0,16.0,1.4149197430878837,0.6585664967737733
1262,01_10_A0110132010002100032z,0.6666666666666666,0.18326531753130595,32.0,11.0,1.001541540549501,0.6457169513761081
1263,01_10_A0110132020000100018z,0.16666666666666666,0.44013246487480095,42.0,21.0,1.7366030590913386,1.046494115281125
1264,01_10_A0110132020000100021z,0.16666666666666666,0.4698939491817399,37.0,21.0,1.737371806860913,0.9515435682478308
1265,01_10_A0110132020000100022z,0.16666666666666666,0.4728954338733654,40.0,21.0,1.7377341339905292,0.9468427264662866
1266,01_10_A0110132020000100026z,0.16666666666666666,0.4728954338733654,42.0,24.0,1.7367115205128218,0.9494184755326808
1267,01_10_A0110132020000100029z,0.16666666666666666,0.4725869547565898,42.0,24.0,1.7373976747084174,0.9592772542313752
1268,01_10_A0110132020000100035z,0.3333333333333333,0.4728954338733654,30.0,13.0,1.7340796906035023,0.9357979397680752
1269,01_10_A0110132020000100040z,0.8333333333333334,0.1407302963088478,16.0,5.0,1.001440669865292,0.6744337856574291
1270,01_10_A0110132020000100045z,0.6666666666666666,0.3116671493109182,26.0,14.0,0.12358470726356913,0.5378147597022758
1271,01_10_A0110132020000200031z,0.8333333333333334,0.2305703978818719,19.0,9.0,1.0018846257084704,0.6635079955927684
1272,01_10_A0110132020000200051z,0.3333333333333333,0.3418600350901334,49.0,25.0,0.1134321866144644,0.6873331361127736
1273,01_10_A0110132020000300025z,0.3333333333333333,0.36279639682871295,37.0,19.0,1.7358416806146677,0.8860327560957164
1274,01_10_A0110132020000300032z,0.5,0.13877979065319002,23.0,13.0,1.4143743634861985,0.5014455635101592
1275,01_10_A0110132020000300036z,0.8333333333333334,0.23544503397945535,17.0,11.0,1.0005939680325855,0.4649275962590839
1276,01_10_A0110132020000300037z,0.8333333333333334,0.2308862626579093,17.0,11.0,1.0007135679214323,0.470250188278566
1277,01_10_A0110132020000800035z,0.8333333333333334,0.359445262498651,21.0,11.0,1.0005829788668354,0.6820734409732344
1278,01_10_A0110132020002500032A,0.5,0.14090290344182238,23.0,15.0,1.41577006677817,0.7037838856921798
1279,01_10_A0110132023000200024z,0.3333333333333333,0.501762441227223,37.0,19.0,1.7367809678380144,0.9893174963093916
1280,01_10_A0110132030000100016z,0.3333333333333333,0.7949801690048017,35.0,23.0,1.7376530906101375,1.264973342878874
1281,01_10_A0110132030000100019z,0.3333333333333333,0.2167062439392401,40.0,20.0,1.7398524211137343,0.8245128597492045
1282,01_10_A0110132030000100024z,0.3333333333333333,0.510902581235148,37.0,19.0,1.7370486246486887,0.9991777148039088
1283,01_10_A0110132030000100029z,0.5,0.15955224753508707,23.0,11.0,1.7323249804554381,0.6966950109081911
1284,01_10_A0110132030000200014z,0.3333333333333333,0.9096425497343604,41.0,21.0,1.7394991805341449,1.2149797582749546
1285,01_10_A0110132030000200021z,0.5,0.5522479377857284,33.0,15.0,1.7353081427728918,0.947720199415746
1286,01_10_A0110132030000200031z,0.5,0.3268112701252236,26.0,14.0,1.4144822368809358,0.6575578612225894
1287,01_10_a0110132030000300020z,0.16666666666666666,0.4262493303392319,39.0,24.0,1.7370930507637925,0.9566572434672074
1288,01_10_A0110132030000800026z,0.6666666666666666,0.2702553690925784,25.0,12.0,1.4149469737742264,0.5851814731272738
1289,01_10_A0110132030000800027z,0.6666666666666666,0.266372815100889,25.0,12.0,1.4149311911582905,0.5892880233880803
1290,01_10_A0110132030001100031z,0.6666666666666666,0.32318304314971313,33.0,16.0,1.0005654210965538,0.8234272017208631
1291,01_10_A0110132030001500011z,0.3333333333333333,1.2305614298492205,36.0,21.0,2.002644862033129,1.3400461002754744
1292,01_10_a0110132030001500014z,0.16666666666666666,1.0670449463327372,41.0,25.0,2.0023389008926733,1.375543384624987
1293,01_10_A0110132030001900019z,0.3333333333333333,0.7156764646271766,30.0,17.0,1.739587501232734,1.1529479512247345
1294,01_10_A0110132030002500035z,0.6666666666666666,0.21336033960286852,32.0,16.0,1.0001859773714086,0.710403481587923
1295,01_10_A0110132030002800023z,0.5,0.4796525812351479,36.0,19.0,1.4174254022532815,0.9851860827872736
1296,01_10_A0110132030002800041z,0.8333333333333334,0.2878966267784595,25.0,8.0,0.10958176215710802,0.5861758596663291
1297,01_10_A0110132040000100032z,0.6666666666666666,0.07570069537123802,25.0,14.0,1.002292879473452,0.6764703626117435
1298,01_10_A0110132040000200024z,0.3333333333333333,0.4357366320055548,28.0,16.0,2.000815627626946,0.8970706186023668
1299,01_10_A0110132040000200025z,0.5,0.5057493512567216,31.0,17.0,1.7346293597442906,0.9880366696614662
1300,01_10_A0110132040000200050z,0.8333333333333334,0.3027957398353509,15.0,9.0,0.037404274525285504,0.4067854368944614
1301,01_10_a0110132040000300018z,0.16666666666666666,0.4572704338733654,40.0,21.0,1.736245296240381,0.9186078101097072
1302,01_10_A0110132040000300021z,0.3333333333333333,0.44682150247158425,30.0,15.0,1.7334067141064202,0.9663670029338138
1303,01_10_a0110132040000300022A,0.3333333333333333,0.4432493512567216,35.0,20.0,1.7332075621269518,0.9776188302533101
1304,01_10_a0110132040000300026z,0.3333333333333333,0.2307580319781931,30.0,17.0,1.7330128723651836,0.844030501284321
1305,01_10_a0110132040000300030z,0.3333333333333333,0.35560745780694303,30.0,13.0,1.732821486533441,0.8215662728403414
1306,01_10_A0110132040000300031z,0.3333333333333333,0.3651539971864179,30.0,13.0,1.7328001772338275,0.8195139557140757
1307,01_10_A0110132040000400025z,0.5,0.34687259704750617,27.0,14.0,1.4156717027054817,0.7526901971391098
1308,01_10_A0110132040000400033z,0.6666666666666666,0.3385155645849168,29.0,12.0,1.0006491286487091,0.6991185644598921
1309,01_10_A0110132040001000027z,0.3333333333333333,0.20407535778175312,26.0,15.0,1.4143762858755138,0.7091263273752241
1310,01_10_A0110132040001100026a,0.6666666666666666,0.2775442800273227,18.0,10.0,1.4155293174090569,0.5059985469410889
1311,01_10_A0110132040001100028a,0.6666666666666666,0.3013465670451894,18.0,9.0,1.415271169256776,0.5497187250017499
1312,01_10_a0110132040001300019z,0.16666666666666666,0.40341833958439394,44.0,21.0,1.734644468297163,1.03516631801916
1313,01_10_A0110132040001600015z,0.5,0.8419273113081871,33.0,17.0,1.7422876746025642,1.2500623283832455
1314,01_10_A0110132040001600021z,0.3333333333333333,0.4387335323679139,30.0,15.0,1.7334315048006192,0.9569014016679516
1315,01_10_A0110132040001700017z,0.3333333333333333,0.876968356256147,34.0,17.0,1.7413728018572652,1.2502356690624823
1316,01_10_A0110132040002000032z,0.6666666666666666,0.11138772826706468,20.0,14.0,1.000856204935423,0.514197809660226
1317,01_10_A0110132040002700019z,0.16666666666666666,0.7006951912189371,41.0,25.0,1.7347745156949061,1.1735019684878123
1318,01_10_A0110132040002800054z,0.8333333333333334,0.185352268026033,18.0,9.0,0.05354104841521108,0.7310385667490158
1319,01_10_A0110132040002800063z,0.3333333333333333,0.10747123159557036,36.0,16.0,1.006367187255678,0.6747248300854963
1320,01_10_a0110132040003100035z,0.6666666666666666,0.38471321556350624,38.0,16.0,1.0015305565921766,0.6974653011730362
1321,01_10_a0110132040003100038z,0.5,0.22290914704102227,29.0,16.0,1.0018581413910244,0.5232724487616772
1322,01_10_A0110132040003700045z,0.6666666666666666,0.14167977607306034,35.0,14.0,0.04839854281192092,0.7318578559050135
1323,01_10_A0110132040004600033z,0.5,0.3027346510163001,35.0,14.0,1.414545853191162,0.7054075401744222
1324,01_10_A0110132040004900024z,0.5,0.28170295957260993,24.0,11.0,1.415021307685066,0.7350598251337012
1325,01_10_A0110132040004900032z,0.6666666666666666,0.2824969704619021,26.0,13.0,1.0003385095680457,0.581153196169134
1326,01_10_A0110132040005600024z,0.6666666666666666,0.33915039256609025,29.0,11.0,1.4154841964726974,0.7267219106514047
1327,01_10_A0110132040005600034A,0.5,0.2354297760730604,34.0,15.0,1.4148627567977192,0.8314247786467096
1328,01_10_a0110132040005900019z,0.5,0.20991036716425954,35.0,17.0,1.7338312746396785,0.7964164099789395
1329,01_10_a0110132040006100031z,0.6666666666666666,0.23627571556350624,27.0,12.0,1.0042370196589392,0.7749921343930815
1330,01_11_a0111130030000100019z,0.6666666666666666,0.5642499920908375,28.0,11.0,1.4208428276403462,0.9387514762124222
1331,01_11_a0111130030000100029z,0.8333333333333334,0.4282757155635062,18.0,10.0,1.0052932170836903,0.7776500610203426
1332,01_11_a0111130030000200015z,0.3333333333333333,0.8288683081560988,33.0,19.0,2.006823775394966,1.183885803113382
1333,01_11_a0111130030000200018z,0.3333333333333333,0.6416328584206491,27.0,16.0,2.0048162434882686,0.8851655057254901
1334,01_11_a0111130030000200025z,0.3333333333333333,0.5622945243409357,36.0,21.0,1.7345298565108092,0.7889798466470991
1335,01_11_a0111130030000200031z,0.6666666666666666,0.4195641252670103,36.0,15.0,1.0039128863826063,0.8774087491285955
1336,01_11_a0111130030000800031z,0.5,0.3904885320192024,25.0,12.0,1.4173045428958386,0.7833193403375658
1337,01_11_a0111130030001300027z,0.3333333333333333,0.4119863098787517,30.0,15.0,1.733203200159271,0.7810587983800243
1338,01_11_a0111130080000800035A,0.6666666666666666,0.4078242879869046,29.0,9.0,1.003568390788188,0.8992792544009492
1339,01_11_a0111130080000800035B,0.6666666666666666,0.4008277716992765,29.0,9.0,1.0032554333383226,0.9001661007135774
1340,01_11_a0111130090001600020z,0.5,0.2981021409264389,21.0,14.0,1.7356728092572429,0.7498213018856651
1341,01_11_a0111130090001600032z,0.6666666666666666,0.4672998119490485,30.0,12.0,1.0027808590101772,0.8267611977682313
1342,01_11_a0111130090001600042z,0.8333333333333334,0.20502571556350624,21.0,11.0,0.04097166808749173,0.5333252730600699
1343,01_12_A0112156010000100027z,0.5,0.4869879662757569,33.0,16.0,1.4178009521390165,0.8774833052823462
1344,01_12_A0112156010000300024z,0.5,0.2675226269779302,28.0,11.0,1.4151579047382006,0.5936114871171234
1345,01_12_A0112156010002300032z,0.5,0.2635500777469569,38.0,19.0,1.414360103177867,0.6718346134049924
1346,01_12_a0112156010002400024z,0.3333333333333333,0.5176212813127418,29.0,16.0,2.0009886209604377,0.8214740827035558
1347,01_12_a0112156010002500022z,0.5,0.6239880413474783,31.0,15.0,1.4186818236182486,1.0544660116635092
1348,01_12_a0112156010002800023z,0.3333333333333333,0.40151746084652506,34.0,17.0,1.7344802207632823,0.9487061453427321
1349,01_12_a0112156010002800031z,0.5,0.31743789354945473,29.0,17.0,1.415608650532869,0.8675812032268152
1350,01_12_a0112156010003200032z,0.6666666666666666,0.7504209105495787,39.0,16.0,1.0032780743557443,0.9189846893921306
1351,01_12_a0112156010003200051z,0.5,0.4511517486213574,49.0,21.0,1.002046030393287,0.8822036379962375
1352,01_12_A0112156020000100026z,0.3333333333333333,0.5150890194220271,30.0,17.0,2.00143156923375,0.7929781501925092
1353,01_12_A0112156020000100033z,0.3333333333333333,0.157482436541103,31.0,18.0,1.4178096643360434,0.6754711773950641
1354,01_12_A0112156020000100050z,0.6666666666666666,0.1716305393111871,14.0,8.0,1.0003254477361718,0.44391626855332617
1355,01_12_a0112156020000400025z,0.5,0.4989622827276854,32.0,21.0,1.4197215812395318,0.7694780661536961
1356,01_12_a0112156020000400032z,0.5,0.16904964893049035,34.0,16.0,1.000549647749613,0.4296284264096912
1357,01_12_A0112156020000600034z,0.6666666666666666,0.4422024397014373,35.0,13.0,1.0015286991802288,0.8185141785225898
1358,01_12_a0112156020000900021z,0.5,0.4763505395071682,27.0,16.0,1.7346384264793857,0.8629496571509901
1359,01_12_A0112156020000900024z,0.5,0.467261631056464,27.0,16.0,1.7352418783662549,0.8584884400278787
1360,01_12_A0112156020000900025z,0.5,0.5380505413474783,27.0,15.0,1.7338066602374185,1.0230441109702602
1361,01_12_A0112156020001200034z,0.5,0.43798619606489897,34.0,13.0,1.014377959690884,0.8301157228073544
1362,01_12_A0112156020001300048z,0.8333333333333334,0.20563631175589106,22.0,8.0,0.10308543163214244,0.7195446422760332
1363,01_12_A0112156020001700031A,0.6666666666666666,0.20502571556350624,46.0,19.0,1.0026343224254168,0.7140829905243183
1364,01_12_A0112156020001800024z,0.5,0.29444439313214593,35.0,15.0,1.4153999804841362,0.7861694920497031
1365,01_12_A0112156020001800031z,0.5,0.1984272165352592,25.0,15.0,1.4146720181592485,0.6610759396926045
1366,01_12_a0112156030000200032a,0.8333333333333334,0.4285262559093276,26.0,5.0,1.004759155492388,0.9045811920437948
1367,01_12_a0112156030000200042z,0.6666666666666666,0.2522434943569249,26.0,12.0,0.0729251430118257,0.6178545836422014
1368,01_12_a0112156030001000035z,0.6666666666666666,0.4119863098787517,18.0,14.0,1.4168913243509045,0.7622832637523589
1369,01_12_a0112156030001600034B,0.5,0.28637640083861016,27.0,14.0,1.4144558742349016,0.6809726776521944
1370,01_12_a0112156030002500034B,0.8333333333333334,0.21049382262477084,21.0,9.0,1.0016380133432827,0.571948500525096
1371,01_12_A0112156030002700024z,0.5,0.4656649605777513,30.0,12.0,1.416569667359611,0.96987607565608
1372,01_12_A0112156030002700031B,0.6666666666666666,0.3010052689277753,32.0,13.0,1.0018787626092138,0.8064964612020913
1373,01_12_a0112156030003200032z,0.5,0.3224616968708195,24.0,17.0,1.414790094121787,0.6679628202819738
1374,01_12_a0112156030003200042z,0.8333333333333334,0.14683442768471833,33.0,19.0,0.12024726727185975,0.7142749934003351
1375,01_12_A0112156030003300022z,0.3333333333333333,0.2023846903086872,30.0,17.0,1.7323219619825432,0.5234176312828898
1376,01_12_A0112156030003300032A,0.3333333333333333,0.3190105758119535,39.0,16.0,1.4186489334970411,0.6957718986194439
1377,01_12_A0112156030003300032B,0.3333333333333333,0.14617703135297988,43.0,17.0,1.4183306298549525,0.6141790313745058
1378,01_12_A0112156030003300032C,0.5,0.06817878119390347,29.0,14.0,1.4148795006813313,0.5992839067315234
1379,01_12_A0112156030003300045z,0.5,0.153380978721401,54.0,28.0,1.0101327633924286,0.8085907646062824
1380,01_12_A0112156030004600032z,0.5,0.20864186409545787,30.0,17.0,1.4145480149570258,0.7160890006178829
1381,01_12_a0112156030006300047B,0.6666666666666666,0.22846321556350624,25.0,11.0,1.0025189539680643,0.7008549460701822
1382,01_12_A0112156030006700032z,0.8333333333333334,0.22846321556350624,21.0,8.0,1.0038864619017662,0.7032440415236945
1383,01_12_a0112156030007000033A,0.6666666666666666,0.4824017486213574,30.0,12.0,1.002291210802937,0.8588584232487836
1384,01_12_a0112156030007000033B,0.5,0.32995253055179663,35.0,15.0,1.0019791344352809,0.7672442663171569
1385,01_12_a0112156030007000033C,0.6666666666666666,0.4150326944716948,34.0,19.0,1.003331454275049,0.7961854262817307
1386,01_12_a0112156030007000045B,0.8333333333333334,0.5685578256552494,33.0,12.0,0.15332684425416954,0.8944716774468797
1387,01_12_a0112156030007100023A,0.5,0.1992534225698757,33.0,16.0,1.4170183759025987,0.8559539794710704
1388,01_12_a0112156030007100032A,0.5,0.11975649458590952,39.0,18.0,1.4149728834408966,0.7217092362970945
1389,01_12_a0112156030007500026z,0.5,0.11531358546565328,34.0,17.0,1.4159679905889158,0.8403862164313771
1390,01_12_a0112156030007600032B,0.6666666666666666,0.3308306398059305,36.0,13.0,1.0030200257971094,0.7290532647871957
1391,01_12_a0112156030008100033B,0.5,0.2763948951643932,28.0,12.0,1.4153178235460548,0.6789249586415258
1392,01_12_a0112156030008100043A,0.6666666666666666,0.19585073875460085,30.0,8.0,0.07803357479542145,0.6943781156673948
1393,01_12_A0112156050000100033z,0.6666666666666666,0.2722999949160675,26.0,12.0,1.0009168494028924,0.7036619365044401
1394,01_12_A0112156050000200025z,0.3333333333333333,0.5149134864613389,31.0,12.0,1.736914273352524,0.9616873640524944
1395,01_12_A0112156050000200047z,0.8333333333333334,0.2845522475350871,17.0,13.0,0.03672241606556135,0.4111055217713051
1396,01_12_a0112156050001300024z,0.5,0.12932188673467745,27.0,15.0,1.4152996611243256,0.6348676139453752
1397,01_12_a0112156050001300025z,0.5,0.2759954813378848,24.0,12.0,1.4152667588957542,0.7034480150617656
1398,01_12_a0112156060000100018z,0.5,0.9339501341681572,33.0,17.0,1.7356068779707343,1.1652775356530485
1399,01_12_a0112156060000200025z,0.5,0.541037620325411,28.0,13.0,1.7338772367706987,0.8462127296050671
1400,01_12_A0112156060000800023z,0.5,0.28935427999599644,29.0,16.0,1.4156972334799498,0.7885441026443314
1401,01_12_A0112156060000800031z,0.6666666666666666,0.26650500477547684,25.0,13.0,1.0028816181563514,0.6970884329157916
1402,01_12_A0112156060000800040z,0.8333333333333334,0.14319744453546884,38.0,18.0,0.12910274416955422,0.7184045913818018
1403,01_12_A0112156060001200023z,0.6666666666666666,0.2931135138585603,27.0,10.0,1.4162858578379969,0.7958187533863167
1404,01_12_A0112156060001200024z,0.5,0.30368459646699697,46.0,13.0,1.4152944751430752,0.8012929243108541
1405,01_12_A0112156060001200031z,0.5,0.19752932828026928,23.0,12.0,1.4151585883758162,0.681543269093671
1406,01_12_a0112156060001300022z,0.5,0.5560249318644467,35.0,16.0,1.4199747308438242,1.0090545200292418
1407,01_12_a0112156060001300038z,0.6666666666666666,0.2566423143415103,59.0,29.0,0.11312022730204267,0.7002259039662441
1408,01_12_A0112156060001400021B,0.5,0.19855126804969409,23.0,13.0,1.7330372105057088,0.8025658243496971
1409,01_12_A0112156070000100028z,0.5,0.5482023210680934,23.0,14.0,1.7369268679025136,0.9782014215715604
1410,01_12_a0112156070000100031A,0.5,0.5245048822301729,36.0,15.0,1.4146356384035241,0.7650984974551478
1411,01_12_a0112156070000100031B,0.5,0.6932389124276177,25.0,16.0,1.734816463056195,0.9420498153967012
1412,01_12_a0112156070000100033z,0.6666666666666666,0.26871984393915804,23.0,12.0,1.414367553579364,0.664341479469064
1413,01_12_a0112156070000100049z,0.6666666666666666,0.3507643519271426,29.0,12.0,0.09790539830739348,0.5400372437829742
1414,01_12_A0112156070000200028z,0.8333333333333334,0.380196311097005,16.0,11.0,1.006150122275102,0.6592323062232502
1415,01_12_A0112156070000200032z,0.5,0.21176173805430454,31.0,15.0,1.4147687043766684,0.662745846524079
1416,01_12_A0112156070000200043A,0.8333333333333334,0.057985932136010936,11.0,7.0,0.023122445314675773,0.38294572702633545
1417,01_12_A0112156070000200043B,0.6666666666666666,0.24877275066787055,30.0,10.0,0.08843103178977244,0.6014649097065389
1418,01_12_A0112156070000200048A,0.8333333333333334,0.24916395385271195,19.0,7.0,0.040625478054200206,0.5277029015180722
1419,01_12_A0112156070000200048B,0.6666666666666666,0.3148697890624711,24.0,12.0,0.1146335286194813,0.6400750086341473
1420,01_12_a0112156070000300032z,0.5,0.7057311921521351,25.0,16.0,1.7345896935824852,0.9537778433033196
1421,01_12_a0112156070000400034z,0.6666666666666666,0.26871984393915804,23.0,12.0,1.414411231097093,0.6666479144574436
1422,01_12_a0112156070000600024z,0.3333333333333333,0.420386631056464,31.0,17.0,1.7331218560188997,0.9375114053271968
1423,01_12_a0112156070000600033A,0.5,0.17789164498696552,29.0,12.0,1.4146297298530868,0.6675444398765833
1424,01_12_a0112156070000600033C,0.5,0.3131975584793173,29.0,13.0,1.4152883573817685,0.6816464379904972
1425,01_12_a0112156070000900024A,0.3333333333333333,0.4494418597641332,29.0,16.0,2.002040451882876,0.8951673857734396
1426,01_12_a0112156070000900031A,0.5,0.5550633661659159,32.0,13.0,1.4157921006210468,0.8452655566873984
1427,01_12_a0112156070001200033A,0.6666666666666666,0.3927296972867438,25.0,12.0,1.4265558471043078,0.8916405182601408
1428,01_12_a0112156070001200044A,0.6666666666666666,0.8667215624690437,25.0,13.0,1.4179269535668115,0.9904542533556508
1429,01_12_a0112156070002400024A,0.6666666666666666,0.31743789354945473,41.0,18.0,1.0085522484993423,0.8205595895723802
1430,01_12_a0112156070002400033A,0.5,0.4027522970720221,39.0,18.0,1.0030608709133504,0.7942931180062139
1431,01_12_a0112156070002400033G,0.5,0.2736377535511859,33.0,13.0,1.003034113038348,0.7087609876719341
1432,01_12_a0112156070002400033H,0.16666666666666666,0.3900081324433017,44.0,19.0,1.0035261627173322,0.7284993571507391
1433,01_12_a0112156070002400045B,0.6666666666666666,0.1583991968708195,50.0,19.0,0.09429839441825104,0.738903731274562
1434,01_12_a0112156070002400053z,0.6666666666666666,0.16002987597362672,55.0,23.0,0.09374663294373843,0.7933294004225835
1435,01_12_a0112156080000100025z,0.5,0.3745555267973921,29.0,13.0,1.416680974377852,0.7241732634804938
1436,01_12_A0112156090000100019z,0.3333333333333333,0.5168727304888794,34.0,15.0,1.733974942819987,0.9629800636224176
1437,01_12_A0112156090000100024z,0.3333333333333333,0.5298536972148824,34.0,15.0,1.7334165889533464,0.9740749089174656
1438,01_12_A0112156090000100031z,0.5,0.3315138108016015,35.0,17.0,1.0034590167626756,0.8350127364145961
1439,01_12_A0112156090000100040z,0.8333333333333334,0.2660532931688277,21.0,5.0,0.04309832450956667,0.5477664578355423
1440,01_12_A0112156090000100043z,0.8333333333333334,0.2646740686952557,20.0,5.0,0.03702494079296402,0.5236837444824352
1441,01_12_A0112156090000300024z,0.3333333333333333,0.4282757155635062,34.0,12.0,1.7354764206411952,0.9547324769015536
1442,01_12_A0112156090000300035z,0.5,0.4016503925660903,39.0,22.0,1.4158529545327234,0.7888347888272863
1443,01_12_A0112156090000300042z,0.8333333333333334,0.3965218792463707,16.0,5.0,0.07745294492296459,0.7290086125708718
1444,01_12_A0112156090000300045z,0.8333333333333334,0.4040997896375803,22.0,7.0,0.052368352726153464,0.7441321569040734
1445,01_12_A0112156090000400019z,0.5,0.9566548624829376,33.0,17.0,1.7362467134553257,1.1764745465958304
1446,01_12_A0112156090000400024z,0.3333333333333333,0.5927113591278627,32.0,15.0,1.7365977136570183,0.9326294043949624
1447,01_12_A0112156090000400035A,0.3333333333333333,0.39648243390975946,26.0,13.0,1.733279987677952,0.7630896760416445
1448,01_12_A0112156090000400035B,0.3333333333333333,0.3983010320192024,26.0,13.0,1.7332091114114303,0.7584350256284733
1449,01_12_A0112156090000400042z,1.0,0.14974249116263486,10.0,2.0,0.038597776747494685,0.5317565718264368
1450,01_12_a0112156090000500024z,0.3333333333333333,0.4986663861174421,29.0,12.0,1.7359465148511304,0.8884965049054139
1451,01_12_a0112156090000500031z,0.6666666666666666,0.2585607713096469,27.0,14.0,1.0019235062854657,0.5976366480566475
1452,01_12_A0112156090000500045z,0.5,0.1292460830583303,43.0,17.0,0.1105979488168774,0.6740352138485493
1453,01_12_A0112156090000700024c,0.6666666666666666,0.6791843694096601,24.0,10.0,1.4158336115741064,0.8401729912193991
1454,01_12_A0112156090000700032z,0.6666666666666666,0.21655722836172744,26.0,12.0,1.000269114716042,0.6363681201127558
1455,01_12_A0112156090000700043z,0.6666666666666666,0.08962228554509005,35.0,19.0,0.02248992945824619,0.6414125799754148
1456,01_12_A0112156090000800025z,0.5,0.5706808602580401,28.0,14.0,1.7363475343250472,0.9231463276380872
1457,01_12_A0112156090001200019z,0.5,0.9898989039693034,33.0,17.0,1.7459065464557322,1.3505930570605975
1458,01_12_A0112156090001200024z,0.3333333333333333,0.5706808602580401,35.0,14.0,1.7368041204078966,0.9555424513191014
1459,01_12_a0112156090001200035z,0.5,0.4171542685350824,21.0,12.0,1.4184727773049686,0.8166713908884001
1460,01_12_a0112156090001500025z,0.3333333333333333,0.5298536972148824,30.0,17.0,2.0011304873572,0.7972100389344292
1461,01_12_a0112156090002400022z,0.5,0.4262493303392319,27.0,18.0,1.73333519137285,0.8754696313938336
1462,01_12_a0112156090002400024z,0.3333333333333333,0.4535459105495787,32.0,15.0,1.733525908563743,0.9147469555855232
1463,01_12_a0112156090002400032z,0.5,0.4535459105495787,34.0,12.0,1.4157302837649095,0.9122175916357014
1464,01_12_A0112156090002600029z,0.5,0.325700695371238,26.0,15.0,1.4147199371978534,0.6669272862297886
1465,01_12_A0112156090002800032z,0.5,0.1707424894457702,49.0,25.0,1.0006046592011657,0.5195240911371088
1466,01_12_A0112156090002900024z,0.3333333333333333,0.2921989736016803,27.0,16.0,2.0002026122960164,0.7437209025058613
1467,01_12_a0112156090003100024B,0.3333333333333333,0.4785292366902668,29.0,16.0,2.0009221383167177,0.7923343837397108
1468,01_12_A0112156090003100027z,0.3333333333333333,0.4986663861174421,31.0,16.0,2.0010814480169032,0.9158410811124206
1469,01_12_a0112156090003700031z,0.5,0.22815128271414145,28.0,15.0,1.4144180274320497,0.6738111647168216
1470,01_12_a0112156090003700032z,0.6666666666666666,0.2566466267784595,31.0,12.0,1.0008732263790443,0.4256029777980437
1471,01_12_A0112156090003700041z,0.6666666666666666,0.18010400366371504,33.0,11.0,1.001634415255029,0.6841520569166427
1472,01_12_a0112156090004400031A,0.5,0.4096187231229015,25.0,11.0,1.4150761497608115,0.7375889773102188
1473,01_12_A0112156090004600022z,0.5,0.3173834480562378,19.0,13.0,1.7324738817617733,0.6392701377837935
1474,01_12_A0112156090004600032c,0.6666666666666666,0.3302200957239717,26.0,14.0,1.002724496252621,0.7092011956146738
1475,01_12_A0112156090005000024z,0.5,0.16310464540364833,34.0,15.0,1.415017035312669,0.6401075159515511
1476,01_12_A0112156090005000032z,0.6666666666666666,0.2529004870443106,40.0,15.0,1.0072243673538035,0.7293402924195644
1477,01_12_A0112156090005100031z,0.5,0.1836993298085446,23.0,14.0,1.4145334513800492,0.6409519635191658
1478,01_12_A0112156090005100035z,0.8333333333333334,0.150491401838016,20.0,8.0,1.0036369352950592,0.7159491894484485
1479,01_12_a0112156090005300030A,0.6666666666666666,0.2284803858931765,43.0,20.0,1.006048550316634,0.8444365195256036
1480,01_12_a0112156090005400031z,0.5,0.33593904429278804,27.0,14.0,1.4146921983728125,0.6762921709424528
1481,01_12_a0112156090005600022z,0.6666666666666666,0.3054980992844365,25.0,12.0,1.4161316250755616,0.8709116144459766
1482,01_12_a0112156090007500024A,0.8333333333333334,0.18666999126444084,20.0,10.0,1.0031535210223232,0.5405630293472906
1483,01_12_a0112156090007500024B,0.5,0.17140695379326146,27.0,12.0,1.4158876121994777,0.7148075084694172
1484,01_12_a0112156090007500033z,0.6666666666666666,0.3721275432397464,30.0,13.0,1.0028904815379671,0.8775092980050565
1485,01_12_A0112156095000100024z,0.3333333333333333,0.5272973873901317,29.0,16.0,2.0012329249852967,0.8324667485109999
1486,01_13_a0113121020000100020z,0.16666666666666666,0.4503602226057598,36.0,17.0,1.7370658895674012,0.9302353080005276
1487,01_13_a0113121020000200022z,0.5,0.5168727304888794,26.0,14.0,1.7413670308892826,0.9118627413171672
1488,01_13_a0113121020000200024z,0.16666666666666666,0.4958627362124738,34.0,17.0,1.736454836978571,0.9163180365596676
1489,01_13_a0113121020000200027z,0.5,0.3600673822301729,32.0,16.0,1.419494788115321,0.8211670201092223
1490,01_13_A0113121020000200032z,0.6666666666666666,0.5523493165367422,25.0,10.0,1.4168404681357265,0.8475134661420382
1491,01_13_A0113121020000300025z,0.16666666666666666,0.5072178797426107,40.0,24.0,1.7366703738898006,0.8574656627642574
1492,01_13_A0113121020000300033z,0.5,0.4189663492682416,37.0,12.0,1.0022938805376596,0.9012885708735678
1493,01_13_A0113121020000300043z,0.8333333333333334,0.21401226472862686,16.0,7.0,0.0102879725336221,0.2277593145266097
1494,01_13_A0113121020000400024z,0.5,0.4069403282395626,29.0,12.0,1.4168875313144729,0.9454417384789284
1495,01_13_A0113121020000400033z,0.5,0.17868459646699694,33.0,15.0,1.4147436320905846,0.7476414099910245
1496,01_13_A0113121020000400043z,0.6666666666666666,0.22827760541231834,35.0,19.0,1.0011187537560868,0.8109511702156958
1497,01_13_A0113121020001300024z,0.5,0.40427674862135743,32.0,12.0,1.4170757653313597,0.9627008143611058
1498,01_13_A0113121020001300032B,0.5,0.17551005874069564,24.0,12.0,1.4156163600072569,0.6797935373975735
1499,01_13_A0113121020001900010z,0.5,0.7462358749260559,36.0,22.0,1.7483583010854968,1.2563090083498407
1500,01_13_A0113121020001900015B,0.5,1.1301960354687195,37.0,22.0,1.7451243658926732,1.4458417257394531
1501,01_13_A0113121020002100025z,0.6666666666666666,0.23418649710776235,19.0,8.0,1.416271228917236,0.7088792316133639
1502,01_13_A0113121020002100031A,0.6666666666666666,0.2948922204178752,22.0,10.0,1.0033005969148954,0.7076531385980839
1503,01_13_A0113121020002100031B,0.6666666666666666,0.2870184423879638,22.0,12.0,1.003623808126617,0.7067044692481311
1504,01_13_A0113121020002100042z,1.0,0.30399580585696,23.0,6.0,0.10187839561390497,0.7622031699811039
1505,01_13_a0113121020002200024z,0.5,0.2384286383192473,28.0,10.0,1.4166067349606255,0.8154863191113533
1506,01_13_a0113121020002200043z,0.6666666666666666,0.3265691692881112,30.0,11.0,1.0008386497474837,0.734585544586986
1507,01_13_a0113121020004100024B,0.6666666666666666,0.41669496487480095,27.0,12.0,1.4189935136261282,0.8714445575359852
1508,01_13_a0113121020004100024z,0.8333333333333334,0.623164302520028,22.0,9.0,1.011300887511903,0.9911820715868292
1509,01_13_a0113121020004100034z,0.6666666666666666,0.24006639603687904,34.0,13.0,1.0014306752664923,0.6368038859120906
1510,01_13_A0113121030000300025z,0.3333333333333333,0.5398689566058515,31.0,16.0,1.7349403005386457,0.99810496805203
1511,01_13_A0113121030000300033z,0.5,0.42453737990891016,36.0,12.0,1.002148853454421,0.9029331044654562
1512,01_13_A0113121030000300043z,0.6666666666666666,0.11464632593139926,21.0,10.0,0.15050664382468001,0.6611966614846471
1513,01_13_A0113121030000700025z,0.5,0.40129484821656747,32.0,12.0,1.4166091526745244,0.9407060667365944
1514,01_13_A0113121030000700033z,0.5,0.29939858002819875,29.0,16.0,1.4153273846847731,0.8020428872571218
1515,01_13_A0113121030000700042z,0.8333333333333334,0.20968179417410954,27.0,14.0,0.09602438259658336,0.7426787289528941
1516,01_13_A0113121030000800023z,0.5,0.4572704338733654,24.0,13.0,1.7336320200431437,0.7415688028469272
1517,01_13_A0113121030000800032z,0.5,0.3799400432397464,34.0,13.0,1.0017423164982735,0.8593588323637116
1518,01_13_A0113121030000800043z,0.6666666666666666,0.09614366489429016,19.0,8.0,0.02283793165660101,0.6493236657704506
1519,01_13_A0113121030001400024A,0.5,0.28229765400171114,30.0,15.0,1.4153979403566734,0.81338464485946
1520,01_13_A0113121030001400024B,0.5,0.22035722271914127,28.0,13.0,1.4148478196578542,0.5284696372083929
1521,01_13_A0113121030001400024C,0.5,0.2874594276847183,27.0,12.0,1.4150821413032342,0.761386578732121
1522,01_13_A0113121030001400031z,0.6666666666666666,0.3187886397240633,33.0,14.0,1.0029496894280692,0.6921800506516462
1523,01_13_A0113121030001400041z,0.8333333333333334,0.32618773012661306,36.0,13.0,0.10377587258350897,0.6623522016948314
1524,01_13_A0113121040000100032z,0.8333333333333334,0.14822476244796606,23.0,11.0,1.00178555066321,0.6587576704629909
1525,01_13_A0113121040000100042z,1.0,0.2456924250090915,14.0,4.0,0.020299814132451043,0.6746867005363594
1526,01_13_A0113121040000100050z,1.0,0.22456460988835947,11.0,2.0,0.011956976334496992,0.6417799814686528
1527,01_13_A0113121040000200024z,0.16666666666666666,0.4209722854843506,39.0,17.0,1.7361055781098012,0.913883759330606
1528,01_13_A0113121040000200030z,0.3333333333333333,0.4379105929477024,26.0,13.0,1.7332978352617794,0.9080089968731924
1529,01_13_a0113121040000200056z,0.6666666666666666,0.21056649570535024,29.0,13.0,0.05195641897281008,0.7573775170821612
1530,01_13_A0113121040000300024z,0.3333333333333333,0.4511517486213574,39.0,24.0,1.4198131917359758,0.8147613028670644
1531,01_13_A0113121040000300029a,0.3333333333333333,0.4424038492682416,45.0,24.0,1.4185666758945947,0.8033165725665898
1532,01_13_A0113121040000300034z,0.16666666666666666,0.40507366952770063,41.0,26.0,1.7347397639724982,0.7743717601628753
1533,01_13_A0113121040000300042z,0.6666666666666666,0.2456924250090915,35.0,11.0,0.09371406711705578,0.5380964016944016
1534,01_13_A0113121040000300048z,0.8333333333333334,0.2426157931688277,18.0,7.0,0.11312068776447876,0.5361099227905544
1535,01_13_A0113121040000300054z,0.3333333333333333,0.13375167710196778,54.0,28.0,0.1204174804618001,0.5748268639690307
1536,01_13_A0113121040000500024z,0.5,0.5692738591278627,29.0,15.0,1.4171496216284594,1.0112707809225168
1537,01_13_A0113121040000500033z,0.5,0.40891237990891016,36.0,12.0,1.415989266796703,0.8968764151505058
1538,01_13_A0113121040000500042z,0.6666666666666666,0.23490015122942046,14.0,6.0,1.0017225568862465,0.7068508111418911
1539,01_13_a0113121040001400034A,0.6666666666666666,0.2899507965570267,41.0,16.0,1.003100079071103,0.8103716539864141
1540,01_13_a0113121040001400046z,0.6666666666666666,0.6027683031645844,46.0,20.0,1.0180891974423036,0.9495307928127584
1541,01_13_A0113121050000100026z,0.5,0.5149134864613389,29.0,13.0,1.734787523271896,0.8591958686918526
1542,01_13_A0113121050000100033z,0.5,0.42450746487480095,30.0,12.0,1.415909338251938,0.9025605398548241
1543,01_13_A0113121050000100043z,0.6666666666666666,0.08518991047876047,12.0,6.0,1.00026438865682,0.6438126908416136
1544,01_13_A0113121070000500050A,0.8333333333333334,0.3056456401574737,30.0,12.0,0.11785420734432092,0.6580972067003957
1545,01_13_a0113121070000600024A,0.6666666666666666,0.4006413872052973,29.0,12.0,1.4203289868950792,0.9757543348763238
1546,01_13_a0113121070000600024B,0.5,0.5019962813127418,30.0,13.0,1.417586317540621,0.96329717493278
1547,01_13_a0113121070000600031z,0.5,0.08029402364431437,32.0,14.0,1.415727434860948,0.8092600569356979
1548,01_13_a0113121070000600041z,0.6666666666666666,0.4031399397014373,28.0,15.0,1.0022561893550577,0.7714651970904148
1549,01_13_a0113121070001000023A,0.5,0.3384961103003483,30.0,16.0,1.4157748094205045,0.8041882001189373
1550,01_13_a0113121070001000023B,0.5,0.4698939491817399,36.0,14.0,1.4169282731474748,0.9826503467105048
1551,01_13_A0113121070001000032z,0.6666666666666666,0.4089897668761554,24.0,8.0,1.4151123869173416,0.8162606939328534
1552,01_13_a0113121090000300034z,0.6666666666666666,0.40600890746951146,24.0,12.0,1.4157846839513482,0.7466762679841801
1553,01_13_A0113121090000500021z,0.5,0.4512010886978346,30.0,15.0,1.7343786110291481,0.7445366178680912
1554,01_13_A0113121090000500025z,0.3333333333333333,0.4566613904946357,34.0,15.0,1.7338698102105292,0.7835492377264397
1555,01_13_A0113121090000600025z,0.3333333333333333,0.4101887590417671,25.0,16.0,2.0010191567706483,0.8729659605360699
1556,01_13_A0113121090000600032z,0.5,0.3789387590417671,29.0,17.0,1.415232313560586,0.8694021326168633
1557,01_13_A0113121090000600042z,0.6666666666666666,0.09760746417204058,12.0,8.0,1.0003008652205598,0.6445684617164772
1558,01_13_A0113121090000800032z,0.3333333333333333,0.2698677178006427,36.0,23.0,1.0075319725637453,0.7327127531730518
1559,01_13_A0113121090000800041z,0.8333333333333334,0.11913372527224407,32.0,12.0,0.0640647680133098,0.6801726888613493
1560,01_13_A0113121090000900029z,0.8333333333333334,0.6486468495841248,28.0,11.0,1.0050807371844406,1.0278142079596446
1561,01_13_A0113121090000900032z,0.5,0.4389423822301729,30.0,12.0,1.4154945223756348,0.905015012688504
1562,01_13_A0113121110000200025z,0.3333333333333333,0.23544503397945535,25.0,13.0,1.7331047764541867,0.7135612558744966
1563,01_13_a0113121110000400034A,0.3333333333333333,0.36341459975180906,31.0,16.0,1.4150173911688617,0.4895443140084613
1564,01_13_A0113121110000800033z,0.5,0.20502571556350624,32.0,13.0,1.414561623832946,0.6975617944985719
1565,01_13_A0113121110000800045z,0.8333333333333334,0.2246587315955704,30.0,12.0,0.059392480158230336,0.629861537512956
1566,01_13_A0113121110001000032z,0.5,0.2245184423879638,33.0,14.0,1.4149877475845274,0.7062636999454961
1567,01_13_A0113121110001100032z,0.5,0.1934225350901334,33.0,13.0,1.414989124613078,0.7054115255114042
1568,01_13_a0113121110001200032z,0.5,0.20142476365969866,33.0,13.0,1.4149917059983763,0.6971839286231123
1569,01_13_a0113121120000300026z,0.3333333333333333,0.5553062883189241,29.0,16.0,2.0020056524359364,0.8406767197184115
1570,01_13_a0113121120000300045z,0.8333333333333334,0.26943120336838433,27.0,11.0,0.056007638190796856,0.7388104884875685
1571,01_13_A0113121130000100031A,0.5,0.2248034402288982,27.0,13.0,1.414614884814459,0.7032539144011085
1572,01_13_A0113121130000100031B,0.5,0.4437566692881112,29.0,13.0,1.4151060427681332,0.7690595930510795
1573,01_13_A0113121130000100032z,0.5,0.09682476472862683,24.0,14.0,1.4149313172373652,0.6293522659567148
1574,01_13_A0113121130000100043z,0.6666666666666666,0.22192658245388647,32.0,19.0,1.0048715553858318,0.7322264421679708
1575,01_13_A0113121130000100051z,0.8333333333333334,0.5276585493509722,29.0,10.0,0.1473424393443419,0.8733246402799207
1576,01_13_a0113121140000200026z,0.5,0.2923820374025867,24.0,13.0,1.7326658777623298,0.6488640701197779
1577,01_13_a0113121140000300023z,0.5,0.4066972271914132,28.0,16.0,1.4196938713080478,0.9689634161417976
1578,01_13_a0113121140000300024A,0.5,0.2727953890110437,27.0,13.0,1.732752637317239,0.7548045662447491
1579,01_13_a0113121140000300024B,0.5,0.41386220381415895,28.0,16.0,1.4199192061796444,0.9683534796107529
1580,01_13_a0113121140000300032z,0.6666666666666666,0.3716140614281679,26.0,13.0,1.0035618580412515,0.7738576938676701
1581,01_13_a0113121140000300040z,0.6666666666666666,0.3503891240848095,31.0,11.0,1.0023266950078071,0.7602832470508776
1582,01_13_A0113121160000500055z,0.6666666666666666,0.6345193570027122,66.0,25.0,0.10051298622444543,0.7832353420098608
1583,01_13_A0113121190000300024z,0.5,0.4783506435173968,28.0,13.0,1.4164637505340922,0.9706245761534684
1584,01_13_A0113121190000300033z,0.5,0.5455738713012112,33.0,13.0,1.4157763266214412,0.8593502260725218
1585,01_13_A0113121190000600031z,0.6666666666666666,0.5080665528000402,39.0,14.0,1.006155016347971,0.8769666084530755
1586,01_13_A0113121190000600041z,0.6666666666666666,0.15373856057412194,31.0,8.0,0.05362436320154718,0.7145140344300022
1587,01_13_A0113121190000700032A,0.6666666666666666,0.25971321556350624,29.0,12.0,1.0024642557417387,0.7384364415749055
1588,01_13_a0113121190001100030B,0.5,0.4115510605741219,32.0,13.0,1.4149210804658008,0.7359063510205937
1589,01_13_a0113121190001100033A,0.6666666666666666,0.41877765655729504,34.0,13.0,1.0036224582931517,0.7584609703302613
1590,01_13_A0113121210000700014A,0.5,0.8288683081560988,36.0,22.0,1.7442514293547282,1.3942526791579244
1591,01_13_A0113121210000700017E,0.6666666666666666,0.28183380212387066,33.0,16.0,1.4198677551453007,0.8607892818878798
1592,01_13_A0113121210000700023C,0.5,0.17673105706963582,34.0,18.0,1.4228411143656845,0.8591844936076306
1593,01_13_a0113121220001200031D,0.5,0.2792794051878354,27.0,9.0,1.4144648050731399,0.5607777580527272
1594,01_13_a0113121220001200031E,0.5,0.4362841387440992,29.0,11.0,1.4150555130881022,0.8916739315407961
1595,01_13_a0113121220001200031F,0.5,0.328229738552012,27.0,11.0,1.4150273010100072,0.8203982803012758
1596,01_13_A0113121230001400041z,1.0,0.36279639682871295,23.0,6.0,0.12721093508264428,0.8075126068803901
1597,01_13_A0113121230001900032z,0.6666666666666666,0.42917739769807706,34.0,15.0,1.0028581976247322,0.7261433637932349
1598,01_13_A0113121230002000024z,0.5,0.23209497232026302,19.0,10.0,1.4147946350711322,0.7115284470205611
1599,01_13_A0113121240000600022z,0.3333333333333333,0.5210005289963421,41.0,22.0,1.7336195959746523,0.9886763631463359
1600,01_13_A0113121240000600029z,0.6666666666666666,0.3678769752534288,41.0,16.0,1.0036826790479192,0.8777681696663389
1601,01_13_A0113121240000600034z,0.8333333333333334,0.11948926792490255,38.0,17.0,0.035853605847888194,0.663441973341444
1602,01_13_A0113121240000600038z,0.8333333333333334,0.12320414498696552,38.0,17.0,0.033865171925205016,0.6715755936458083
1603,01_13_A0113121250000200025z,0.5,0.4616278282395626,29.0,13.0,1.7331819688059449,0.8545741197321175
1604,01_13_A0113121250000200033z,0.6666666666666666,0.4066605929477024,30.0,11.0,1.003172103844448,0.9024956949466126
1605,01_13_a0113121250000600025z,0.3333333333333333,0.3983010320192024,27.0,13.0,1.7330071203529318,0.7772207507131841
1606,01_13_A0113121250001000034z,0.5,0.3559890614281679,35.0,13.0,1.415526986331359,0.8797091616365892
1607,01_13_a0113121250001100025z,0.5,0.4840633261829753,25.0,13.0,1.7342593832933149,0.9821952887364821
1608,01_13_A0113121250001100035A,0.5,0.3090435727063634,24.0,14.0,1.4145360791648924,0.7156912152168685
1609,01_13_A0113121250001800025z,0.5,0.6704713348988537,28.0,11.0,1.4170664188707474,0.9947253381724152
1610,01_13_a0113121250002300023z,0.5,0.2361699366104068,32.0,14.0,1.416567240156039,0.7444202582150724
1611,01_13_a0113121250002300032z,0.6666666666666666,0.1477775422858445,26.0,10.0,1.0023971622496164,0.7175846778218772
1612,01_13_a0113121260000500024z,0.3333333333333333,0.5194615562714708,31.0,17.0,1.7352788037036544,0.9614562940999942
1613,01_13_a0113121260000500034z,0.6666666666666666,0.4368034200489944,32.0,13.0,1.0020955511635303,0.8937556054070184
1614,01_13_a0113121260000500043z,0.6666666666666666,0.276325233764791,36.0,13.0,0.048938685550856634,0.8154631750006369
1615,01_13_A0113121260000700031z,0.5,0.42701141038639456,29.0,18.0,1.4157116110526216,0.8768991043655135
1616,01_13_A0113121260000700032B,0.5,0.1586873317251224,22.0,13.0,1.4152140739083048,0.5139266628012984
1617,01_13_A0113121260000700049z,0.6666666666666666,0.20153878053525764,11.0,8.0,1.0002479562713715,0.43611821944112894
1618,01_13_a0113121260000900025z,0.3333333333333333,0.4488097755090104,29.0,16.0,2.0011626829616764,0.7704083800513263
1619,01_13_a0113121260000900032z,0.5,0.4042976842283563,32.0,12.0,1.4159898200929608,0.9162001497901644
1620,01_13_a0113121260001000027B,0.5,0.2607713419743415,30.0,16.0,1.4146206646949184,0.8174901554624652
1621,01_13_A0113121260001100023A,0.5,0.4336090488968396,31.0,14.0,1.7328271794942378,0.8786224816860169
1622,01_13_A0113121260001100023B,0.6666666666666666,0.4936298822301729,27.0,13.0,1.4177910140809216,0.8307171392547594
1623,01_13_A0113121260001200024z,0.5,0.2949221510163001,30.0,12.0,1.4154170118144282,0.7189696102220527
1624,01_13_a0113121260001200032A,0.6666666666666666,0.3027975350901334,35.0,13.0,1.0018706729630416,0.7231853324480151
1625,01_13_a0113121260001200032B,0.5,0.27515260541231834,29.0,17.0,1.4146220270787233,0.8370345005389435
1626,01_13_a0113121270000100025B,0.5,0.16359445379326146,19.0,12.0,1.414588536140458,0.7062258671722649
1627,01_13_a0113121270000400033A,0.5,0.29729150366371504,39.0,17.0,1.0013507790304936,0.7965504373441531
1628,01_13_a0113121270000400033C,0.6666666666666666,0.3503143865874714,27.0,12.0,1.0048837706175309,0.8322031796937042
1629,01_13_a0113121270000400033D1,0.6666666666666666,0.2019548143415103,25.0,12.0,1.0042920504156774,0.7602636969960314
1630,01_13_A0113121270000400040A,0.5,0.3353091135679408,27.0,10.0,1.4148600789099175,0.7203773965282732
1631,01_13_a0113121270000600040A,0.5,0.29283950955936544,39.0,17.0,1.001320284233561,0.7681769849932593
1632,01_13_a0113121270000700033A,0.5,0.3057422760730604,39.0,15.0,1.001248986547237,0.7938911790831444
1633,01_13_a0113121270000700033B2,0.6666666666666666,0.2080369575335277,26.0,10.0,1.0036335512573318,0.7430474460793057
1634,01_13_a0113121270000700033D1,0.6666666666666666,0.19947164704102227,25.0,12.0,1.0039443141015558,0.7673145160499921
1635,01_13_a0113121270001600024A,0.8333333333333334,0.3632999393322429,17.0,5.0,1.0034522281982672,0.6871014418612726
1636,01_13_a0113121270001600034A,0.6666666666666666,0.28381899458590953,24.0,8.0,1.4154980478165853,0.7154250671005568
1637,01_13_a0113121270001600034B,0.6666666666666666,0.1732122694453121,32.0,13.0,1.0015539516522458,0.7667295324189748
1638,01_13_a0113121270001800035A,0.5,0.2780584915719988,40.0,21.0,1.0050847473579645,0.8606709913099136
1639,01_14_a0114120040000500012z,0.3333333333333333,0.9339501341681572,32.0,19.0,2.013096108614407,1.2331153461750797
1640,01_14_A0114120040000500022B,0.5,0.2916204813378848,25.0,15.0,1.7324102717388268,0.6750790816106041
1641,01_14_A0114120040000500023A,0.5,0.4465183031645844,37.0,13.0,1.4163327407730424,0.9355228108213752
1642,01_14_A0114120040000500034A,0.5,0.3303543484506956,28.0,16.0,1.4145382627212393,0.6869736462691358
1643,01_14_A0114120070000100029z,0.8333333333333334,0.39900585122242094,24.0,9.0,1.0043967661699702,0.8863753688710055
1644,01_14_A0114120070000100032z,0.6666666666666666,0.4073173822301729,29.0,12.0,1.0021248707582389,0.8855439322576371
1645,01_14_A0114120070000100040z,0.6666666666666666,0.19712219614603052,25.0,10.0,1.0004973037735283,0.5760825740989964
1646,01_14_A0114120080000100024z,0.6666666666666666,0.4434919411902472,27.0,8.0,1.4189569427595796,0.9385108452838788
1647,01_14_A0114120080000100038z,0.6666666666666666,0.11138108646909388,12.0,6.0,1.0005311455124242,0.6645287717721954
1648,01_14_A0114120080000200025z,0.3333333333333333,0.523737489263812,34.0,18.0,2.0016400843668483,0.9566259115742984
1649,01_14_A0114120090000100029z,0.8333333333333334,0.6003891240848095,27.0,7.0,1.0037759057775393,0.8896405107959663
1650,01_14_A0114120090000100032z,0.8333333333333334,0.3846133114714346,30.0,5.0,1.003213202604041,0.8640374460230379
1651,01_14_A0114120090000200036z,0.8333333333333334,0.5153397362447715,22.0,7.0,1.0019858376671291,0.8199537630211196
1652,01_14_A0114120090000300025z,0.5,0.4841143322782037,27.0,16.0,1.4188338188867609,0.8613108661022716
1653,01_14_A0114120094000100025z,0.3333333333333333,0.4646879718309157,28.0,17.0,2.001309276132739,0.7622507182910431
1654,01_14_A0114120094000100032z,0.5,0.3647369497407215,34.0,12.0,1.415515601994241,0.8744045708623892
1655,01_14_A0114120094000100043z,0.6666666666666666,0.1196248317251224,17.0,6.0,1.0003770453264484,0.6816526050459716
1656,01_14_A0114120100000700024z,0.3333333333333333,0.5298536972148824,31.0,15.0,1.7339939513674203,0.9328100990086052
1657,01_14_A0114120100000700031n,0.6666666666666666,0.3920516060648255,30.0,11.0,1.003786976512343,0.8817005827747572
1658,01_14_A0114120100000700031s,0.8333333333333334,0.5440186898023821,26.0,5.0,1.0037088995328356,0.8276249837962513
1659,01_14_A0114120100000700041z,0.6666666666666666,0.4086873317251224,33.0,14.0,0.029855996483186938,0.6769372939625339
1660,01_14_A0114120100001300034z,0.5,0.2695659225698757,37.0,18.0,1.001638738149582,0.7455852439150055
1661,01_14_A0114120100001300052z,0.8333333333333334,0.2774761631338387,27.0,16.0,0.12756762241158626,0.7261433791613352
1662,01_14_a0114120100002600050C,0.3333333333333333,0.3300410042132127,46.0,27.0,1.4252287493750395,0.7145101328282324
1663,01_14_A0114120110000100025z,0.3333333333333333,0.4998496462419724,30.0,15.0,1.7330830149456224,0.740155237149537
1664,01_14_A0114120110000100026z,0.5,0.4256812033683843,28.0,13.0,1.415137797130116,0.864134905142
1665,01_14_A0114120110000100033z,0.6666666666666666,0.4616993671670048,30.0,9.0,1.0051062405681346,0.9091857340780708
1666,01_14_A0114120110000100042z,0.8333333333333334,0.07442510304082023,18.0,7.0,0.023341133238183244,0.645105727815709
1667,01_14_A0114120110000200025z,0.5,0.5298536972148824,22.0,13.0,1.733506503009929,0.7602734129350222
1668,01_14_A0114120110001600052z,0.8333333333333334,0.13560268425420835,21.0,8.0,0.1554895092321285,0.7216290185470259
1669,01_14_a0114120113000100032B,0.6666666666666666,0.3410396989442658,26.0,12.0,1.0004516676180044,0.699488393671072
1670,01_14_A0114120120000200024z,0.3333333333333333,0.6022382591175132,29.0,16.0,1.7347861905764383,1.0324512335872165
1671,01_14_A0114120120000200033A,0.6666666666666666,0.29246350830355305,21.0,6.0,1.41481094307125,0.7151019712346549
1672,01_14_A0114120120000200043A,0.6666666666666666,0.3441709105495787,27.0,11.0,1.0029087317500305,0.8092411677079201
1673,01_14_A0114120120001000033z,0.6666666666666666,0.2819037693094346,19.0,6.0,1.4166158157166229,0.711551571839192
1674,01_14_A0114120120001300047z,1.0,0.2796639912198309,19.0,10.0,0.11422414969652035,0.7146267013114836
1675,01_14_A0114120130000200029z,0.8333333333333334,0.6512110016670485,27.0,7.0,1.0043157975936272,0.9202285841636668
1676,01_14_A0114120130000200032z,0.5,0.3519383661659159,34.0,10.0,1.005047239872265,0.7862576849492479
1677,01_14_A0114120130000200042z,0.6666666666666666,0.2665132965570267,31.0,13.0,0.10835161422875733,0.6581406494000575
1678,01_14_a0114120130000300027B,0.5,0.510902581235148,26.0,13.0,1.7337890799050255,0.7348686046416091
1679,01_14_a0114120130000300033z,0.5,0.4234492879869046,34.0,15.0,1.002581088844131,0.8853739852587821
1680,01_14_a0114120130000300042z,0.6666666666666666,0.2949850350901334,24.0,10.0,0.08638706120151701,0.43464349839857297
1681,01_14_a0114120130000900026z,0.3333333333333333,0.5795100389958495,27.0,16.0,2.002068474775218,0.9867948131856936
1682,01_14_a0114120130000900034z,0.5,0.3615769203827833,23.0,13.0,1.7331026599006398,0.8500294211657898
1683,01_14_a0114120130000900037B,0.5,0.2396012268496565,24.0,14.0,1.4153190860200668,0.6982766941413323
1684,01_14_A0114120130001400030z,0.5,0.11160985507470787,17.0,13.0,1.4157543629213352,0.7090186786885592
1685,01_14_A0114120130001400031N,0.5,0.31956675384656885,29.0,11.0,1.415785255254547,0.8411653104612815
1686,01_14_A0114120130001400031S,0.5,0.3236815890574821,30.0,11.0,1.4161049063879585,0.8442578462239374
1687,01_14_A0114120130001600033A,0.6666666666666666,0.11130386871665936,23.0,6.0,1.4153859013874566,0.6192495285483663
1688,01_14_A0114120130001600033B,0.5,0.41138641038639456,28.0,16.0,1.4160780651079556,0.8884110140881329
1689,01_14_A0114120190000100024z,0.3333333333333333,0.5434857469114687,26.0,12.0,1.7333302966537856,0.7896845524430284
1690,01_15_A0115137030000300025z,0.6666666666666666,0.5076621462419724,25.0,10.0,1.4186191602668303,0.7804610921587313
1691,01_15_A0115137030000500022z,0.5,0.40507366952770063,29.0,14.0,1.4170885133643143,0.8483927991086848
1692,01_15_A0115137030000500025z,0.5,0.27873856057412194,23.0,15.0,1.7325683789934403,0.7345053525979641
1693,01_15_A0115137030000500030z,0.5,0.3393202120506257,37.0,14.0,1.4149643159622818,0.7929512697469442
1694,01_15_A0115137030000500035z,0.6666666666666666,0.2169123978064969,25.0,12.0,1.0019392524836568,0.7689486577661508
1695,01_15_A0115137030000500045z,0.8333333333333334,0.2406907957238269,25.0,9.0,0.05369584063173543,0.7624905156544012
1696,01_15_A0115137030000600017z,0.5,0.9525547853309482,33.0,17.0,1.7351429997051515,1.1336201256455694
1697,01_15_A0115137030000600047z,0.5,0.17761207242235316,50.0,20.0,0.11226271716042548,0.6831369817390538
1698,01_15_A0115137030000800027z,0.5,0.3525016771019678,28.0,20.0,1.4173615978673106,0.5628262470414895
1699,01_15_A0115137030000800031z,0.3333333333333333,0.3210307831310738,42.0,15.0,1.0038135583736214,0.6464857311104303
1700,01_15_A0115137030000900017z,0.5,1.0129212469644724,31.0,17.0,1.7354618356674043,1.1610432986735244
1701,01_15_A0115137030000900025z,0.6666666666666666,0.5049324319814167,25.0,10.0,1.418757059650614,0.7726633880852162
1702,01_15_A0115137030000900035z,0.3333333333333333,0.2983599727697147,37.0,26.0,1.4145429341822846,0.7245328622623524
1703,01_15_A0115137030001300048z,0.6666666666666666,0.34190374954408875,42.0,18.0,0.08001463290456379,0.7990566604392392
1704,01_15_A0115137030001500033z,0.5,0.3585836974912171,26.0,11.0,1.4150023977427368,0.7961274272115806
1705,01_15_A0115137030001500035z,0.5,0.183818303040486,29.0,13.0,1.4146887621077735,0.7772445737671154
1706,01_15_A0115137030001500045z,0.6666666666666666,0.13892476365969866,47.0,19.0,0.09588571946285394,0.6708605075062147
1707,01_15_A0115137030001500052z,0.3333333333333333,0.2048598450751835,63.0,34.0,0.10702879990904228,0.6964519875575279
1708,01_15_A0115137030001800035z,0.6666666666666666,0.2939253829692712,19.0,9.0,1.0004742437373613,0.6943079234744015
1709,01_15_A0115137030001800046z,0.5,0.166054234980982,47.0,21.0,0.11338790952602933,0.6873387746562459
1710,01_15_A0115137030001900025z,0.6666666666666666,0.4956417097998175,25.0,10.0,1.4186748953268231,0.7701391972329423
1711,01_15_A0115137030002300017z,0.5,1.0186802722137525,31.0,17.0,1.7357882813235157,1.1678531907163998
1712,01_15_A0115137030002300027z,0.6666666666666666,0.5880672465081317,26.0,10.0,1.4205998340046309,0.9021830790357884
1713,01_15_A0115137030002500036z,0.6666666666666666,0.34868789354945473,23.0,11.0,1.4146200178956054,0.7906997148732672
1714,01_15_A0115137030003800040z,0.6666666666666666,0.2923820374025867,28.0,15.0,0.05801403418958124,0.6991465618136203
1715,01_15_A0115137030004600029z,0.6666666666666666,0.5642068570027122,23.0,11.0,1.4159324429824054,0.8236675248909493
1716,01_15_A0115137030004600039z,0.8333333333333334,0.5322244012458328,30.0,5.0,1.0032674225869194,0.8175610112754391
1717,01_15_A0115137030005200027z,0.6666666666666666,0.5880672465081317,26.0,10.0,1.4205016551157663,0.9012254024445868
1718,01_15_a0115137030005900058z,0.5,0.3735552167800512,45.0,22.0,0.12501013507917078,0.8198749459883498
1719,01_15_A0115137030006200015A,0.3333333333333333,0.6938402912092627,40.0,22.0,2.0028133772439487,1.154309350647804
1720,01_15_A0115137030006200015B,0.3333333333333333,0.786883003012899,35.0,21.0,2.004441025119588,1.208699987447693
1721,01_15_A0115137030006600050z,0.6666666666666666,0.2338908471424536,35.0,15.0,1.0023379468238343,0.7471885487206221
1722,01_15_A0115137030007700031z,0.6666666666666666,0.2714704887390487,30.0,14.0,1.0009995679165729,0.7151042608985495
1723,01_15_A0115137030008200019A,0.3333333333333333,0.4713629662757569,35.0,18.0,1.7349087730059771,0.9627274861314798
1724,01_15_A0115137030008200019B,0.5,0.3776127408799619,31.0,18.0,1.73467082891415,0.7935708356728738
1725,01_15_A0115137030008200023z,0.5,0.3467271769413768,26.0,15.0,1.4160150900840671,0.6847543995666419
1726,01_15_A0115137040000200024z,0.5,0.3440040528000402,26.0,14.0,1.4180053328636064,0.8455974738780448
1727,01_15_A0115137040000400034z,0.3333333333333333,0.34717139682871306,35.0,14.0,1.7322554945702904,0.8375668314717015
1728,01_15_a0115137040002200033z,0.6666666666666666,0.2606883388406389,25.0,11.0,1.0006331356849445,0.6856203470018367
1729,01_15_A0115137040004500024z,0.16666666666666666,0.4958800733616714,44.0,28.0,1.7363520272656177,1.0127093704320658
1730,01_15_A0115137040004500029z,0.3333333333333333,0.4331847755090104,37.0,14.0,1.73304185160979,0.918753081204366
1731,01_15_A0115137040004600027z,0.5,0.6175466185735397,31.0,17.0,1.7342126816176349,0.940015215381331
1732,01_15_a0115137040007100066z,0.8333333333333334,0.22444139603687904,37.0,24.0,0.09867081856170763,0.6899048598686564
1733,01_15_a0115137040009600025A,0.5,0.2862061898023821,25.0,16.0,1.7340485966859314,0.7229186154044153
1734,01_15_a0115137040009600035A,0.6666666666666666,0.1639407729747797,32.0,17.0,1.0032893057994912,0.7952659675888863
1735,01_15_a0115137040009600050A,0.8333333333333334,0.23641553659258896,28.0,14.0,0.13531009066918534,0.8489708530023592
1736,01_15_a0115137040009600060A,0.6666666666666666,0.26296393395431084,36.0,15.0,0.18208819654633665,0.8574279927186952
1737,01_15_a0115137040009600070A,0.6666666666666666,0.28009283966851817,28.0,15.0,0.2069019011151488,0.8482566002084102
1738,01_15_a0115137040009600091A,0.5,0.4451760320192024,53.0,33.0,0.09530623320954393,0.987150986693386
1739,01_15_a0115137040009700044T1,0.8333333333333334,0.4282427167800512,41.0,16.0,0.09312677098368667,0.7998225114319618
1740,01_15_a0115137040009700044T2,0.6666666666666666,0.4519516240848095,54.0,23.0,0.10115533916200906,0.8725898972658109
1741,01_15_a0115137040010600026A,0.5,0.24679450641317946,25.0,10.0,1.4167686679213474,0.8923570924789885
1742,01_15_a0115137040010600026B,0.8333333333333334,0.4636403202862989,27.0,11.0,1.0033697907899175,0.8458776162100051
1743,01_15_a0115137040010600034A,0.8333333333333334,0.28969180228727504,25.0,12.0,1.001990420343823,0.7309415807767684
1744,01_15_a0115137040010600057z,0.6666666666666666,0.5243208629836537,53.0,21.0,0.1172846090316868,0.8821064381678096
1745,01_15_A0115137060000200035z,0.3333333333333333,0.3553824153153673,24.0,13.0,1.7332835469316117,0.7217065323569324
1746,01_15_a0115137060000500024z,0.3333333333333333,0.384975379007422,27.0,16.0,2.0003843648934265,0.7378605093422019
1747,01_15_A0115137060000700032z,0.5,0.34049407784638464,27.0,16.0,1.4172726375965237,0.832815596177652
1748,01_15_A0115137060000900029z,0.5,0.4122757155635063,25.0,15.0,1.7388083588808776,0.8177035391562719
1749,01_15_A0115137060000900050z,0.8333333333333334,0.26240436900818265,29.0,5.0,0.1028399868339723,0.7027694485730196
1750,01_15_A0115137060001000026z,0.6666666666666666,0.4728954338733654,27.0,16.0,1.4208931591198886,0.8942605538477489
1751,01_15_A0115137060001000038z,0.6666666666666666,0.2881115686952557,27.0,13.0,1.4167368320254243,0.6759575087453259
1752,01_15_a0115137060001400025C,0.6666666666666666,0.4847415388263461,24.0,12.0,1.4183677641373909,0.9484224299135132
1753,01_15_a0115137060001400025z,0.16666666666666666,0.4992726574595308,36.0,24.0,1.7372170006975858,0.8074258229861121
1754,01_15_a0115137060001400033z,0.5,0.15682014823905316,25.0,14.0,1.4145025106987514,0.5039325176369208
1755,01_15_a0115137060001400043z,0.6666666666666666,0.10346321556350624,24.0,11.0,1.0008297042058705,0.6610483988350301
1756,01_15_a0115137060001400053z,0.5,0.2595981142743718,43.0,20.0,0.0957582364848484,0.6733270988558856
1757,01_15_A0115137060003000030z,0.5,0.21510230322003585,35.0,14.0,1.414267643059053,0.6525531628427406
1758,01_15_A0115137060003000033z,0.3333333333333333,0.3870309904995676,28.0,13.0,1.7329785889758755,0.7838508229265246
1759,01_15_A0115137060004800042z,0.6666666666666666,0.111366734980982,25.0,15.0,1.0004376271198048,0.6498217365090555
1760,01_15_a0115137060005400030z,0.6666666666666666,0.5202636309713612,27.0,10.0,1.4161877167793668,0.8663032124286902
1761,01_15_a0115137060005400032z,0.6666666666666666,0.27873856057412194,25.0,10.0,1.4162980111620196,0.7238595935139829
1762,01_15_A0115137060005700032A,0.8333333333333334,0.348946311097005,29.0,10.0,1.0074550621159284,0.8824039040024196
1763,01_15_A0115137060007300023A,0.5,0.4416454338733654,32.0,10.0,1.4167882000380072,0.9586217989278396
1764,01_15_A0115137060007300032z,0.5,0.34052936900818265,30.0,14.0,1.4152351897816833,0.8280229752438366
1765,01_15_A0115137060007300040z,0.8333333333333334,0.25037470707093723,31.0,15.0,0.11845801113377576,0.8482961289480129
1766,01_15_a0115137060007600041A,0.8333333333333334,0.3182802713721623,24.0,10.0,1.0045836941313928,0.7973016519816783
1767,01_15_A0115137060007600046z,0.8333333333333334,0.4134203890110437,21.0,9.0,1.001663287406721,0.617371297796391
1768,01_15_A0115137060007700061A,0.6666666666666666,0.35960853194067743,51.0,22.0,0.08877266278270889,0.8657094977221361
1769,01_15_A0115137060007900034b,0.6666666666666666,0.2726408765652952,24.0,13.0,1.4150606851358136,0.7770884209609449
1770,01_15_A0115137060008000032A,0.5,0.19381076229247815,44.0,18.0,1.0011584981776325,0.6926220167280258
1771,01_15_A0115137060008000032B,0.5,0.2900682274966805,37.0,18.0,1.000742185065359,0.7316606698458556
1772,01_15_A0115137060008200066z,0.3333333333333333,0.3093084915719988,57.0,33.0,0.0991061664380838,0.7532182565088067
1773,01_15_A0115137060008700056a,0.5,0.3513617011897896,53.0,21.0,0.1115809563364727,0.7393818885928498
1774,01_15_A0115137060010000032z,0.6666666666666666,0.2088301995314421,29.0,12.0,1.0033750114768492,0.7096473066913737
1775,01_15_A0115137060010000045B,0.8333333333333334,0.3928520863206864,33.0,16.0,0.17072996468373414,0.7409445809460129
1776,01_15_A0115137060010000045C,0.8333333333333334,0.5058574339097595,26.0,9.0,0.12772954394996364,0.7889485681938001
1777,01_15_A0115137060010900016z,0.3333333333333333,0.8370987608309959,45.0,27.0,2.0134076151887506,1.399728363950831
1778,01_15_A0115137060010900017z,0.3333333333333333,0.8596523389401296,45.0,27.0,2.0135201798826814,1.4110782882628667
1779,01_15_A0115137060012200049z,0.8333333333333334,0.2972709332416065,22.0,11.0,0.14173844855073198,0.8135670977533375
1780,01_15_A0115137060012200057z,0.8333333333333334,0.3438923466176373,27.0,13.0,0.12932243858368647,0.8314543704844292
1781,01_15_a0115137060012900032C,0.6666666666666666,0.14479780728610134,31.0,10.0,1.003548662762687,0.7551897966809518
1782,01_15_a0115137060012900032D,0.6666666666666666,0.22827760541231834,28.0,6.0,1.4161969080340069,0.8243040309917937
1783,01_15_A0115137060014100034A,0.5,0.38499278812811855,33.0,15.0,1.4169365325077719,0.6733373279110881
1784,01_15_A0115137060014100035z,0.5,0.40169594348373416,36.0,21.0,1.4160901646300983,0.846455020562597
1785,01_15_A0115137060014100036A,0.5,0.2574898147802164,40.0,19.0,1.419439555326919,0.85452163059334
1786,01_15_A0115137060015100052E,0.5,0.3460994753546289,56.0,30.0,0.09756798745523128,0.9574873107366054
1787,01_15_A0115137060016000045B,0.6666666666666666,0.3452930348406147,35.0,17.0,1.0064917597533072,0.7196525598408868
1788,01_15_A0115137060016300056B,0.6666666666666666,0.5746626792598759,30.0,20.0,1.0042467067160052,0.9848406979661556
1789,01_15_A0115137060016800034A,0.6666666666666666,0.2406330140384517,32.0,16.0,1.0106319163853357,0.7331680187181373
1790,01_15_A0115137060016800034B,0.5,0.4372684448699939,33.0,14.0,1.4156519588648615,0.7210821577025978
1791,01_15_a0115137060016900039z,0.8333333333333334,0.34631899458590953,46.0,18.0,0.10305479142821948,0.7168035626459441
1792,01_15_a0115137060017000021A,0.5,0.478163621168226,35.0,18.0,1.7410577398054408,1.1069737418802326
1793,01_15_a0115137060017000023B,0.5,0.5455555750482838,33.0,15.0,1.4174618202423506,0.9061682704540291
1794,01_15_a0115137060017000031z,0.8333333333333334,0.8102408129661036,29.0,12.0,1.010942498535384,1.0745538353234778
1795,01_15_a0115137060017000035C,0.5,0.8196405191888839,43.0,19.0,1.004994575123718,1.0396918085894409
1796,01_15_A0115137060017100018C,0.5,0.7231671013312965,33.0,16.0,1.7358248424911564,1.034350338511142
1797,01_15_A0115137060017100034A,0.5,0.3696248317251224,33.0,14.0,1.4152249709846,0.7171601577007688
1798,01_15_A0115137060017100034D,0.6666666666666666,0.19329932123865304,18.0,10.0,1.0072577533721223,0.8268405020466291
1799,01_15_a0115137060018100032z,0.5,0.41904333958439394,47.0,16.0,1.0069639673133883,0.9471861806643768
1800,01_15_A0115137060018400033z,0.5,0.2842059987879071,39.0,15.0,1.415144590421317,0.8265492387228679
1801,01_15_a0115137060022400041L,0.5,0.4303354823273545,27.0,14.0,1.4240338483567307,1.0289560715246313
1802,01_15_a0115137060022400068J,0.6666666666666666,1.0340986758145525,23.0,12.0,1.011101433426658,1.2932266733804618
1803,01_15_A0115137070000200034z,0.6666666666666666,0.3787818580696487,25.0,12.0,1.4151420592440211,0.7957488691081559
1804,01_15_A0115137070000200050a,0.6666666666666666,0.24011370100039944,25.0,11.0,0.02686589651252977,0.6699384963986426
1805,01_15_A0115137070000200050b,0.8333333333333334,0.2617534225698757,13.0,9.0,0.04270473269528795,0.6665288167018139
1806,01_15_A0115137070000200062a,0.6666666666666666,0.2670071127797803,26.0,13.0,0.053528168797164107,0.6999987465464119
1807,01_15_A0115137070000800020A,0.5,0.7457814189855594,35.0,19.0,1.7333334275369938,1.0686519799244374
1808,01_15_A0115137070000800032A,0.5,0.09610689025659958,34.0,18.0,1.4143873481715143,0.5516171733580699
1809,01_15_A0115137070001800032z,0.5,0.3550176406281057,33.0,10.0,1.4156816762058868,0.8749743356923645
1810,01_15_A0115137070002100023z,0.3333333333333333,0.3820667538465689,32.0,17.0,2.000649753332381,0.7979455634341359
1811,01_15_A0115137070002100025z,0.3333333333333333,0.25600089286847083,28.0,17.0,2.000340270198635,0.8076068333810501
1812,01_15_A0115137070002100034z,0.6666666666666666,0.7700482469114687,23.0,10.0,1.4159325270687833,0.9163083964418346
1813,01_15_a0115137070006400021z,0.16666666666666666,0.660303984114743,42.0,25.0,2.004128288763125,1.0413195597435767
1814,01_15_a0115137070006400022z,0.16666666666666666,0.8041769501314076,35.0,20.0,2.001566648000233,1.0768221036236822
1815,01_15_A0115137070007500047A,0.6666666666666666,0.22614417663406586,31.0,12.0,1.0030466098482085,0.8459733346972196
1816,01_15_A0115137070007500056z,0.8333333333333334,0.1788546493109182,31.0,14.0,0.11496529032089675,0.8308715758313248
1817,01_15_a0115137070009100016A,0.5,1.0146008387162155,36.0,22.0,1.7651150482872169,1.5197506678372936
1818,01_15_A0115137070009100027z,0.3333333333333333,1.3182835748449433,35.0,21.0,2.0072406538433096,1.465297349729191
1819,01_15_A0115137070009200062z,0.5,0.3817755452637788,56.0,27.0,0.19480914772210484,0.8631084970279178
1820,01_15_A0115137070010100014A1,0.5,0.7382677474360162,35.0,19.0,1.7425270326263451,1.045683749022876
1821,01_15_A0115137070010100019A2,0.5,0.4461882520066549,32.0,18.0,1.4180440041329496,0.8844643232518737
1822,01_15_A0115137070011100048z,0.3333333333333333,0.306533326804724,35.0,19.0,1.7335369744235831,0.8987940786518777
1823,01_15_A0115137070011100053z,0.5,0.4690796067480793,38.0,19.0,1.4178617616921267,1.0065497053302634
1824,01_15_A0115137070011100054z,0.6666666666666666,0.5707230929477024,51.0,29.0,0.10661727277054026,0.8885790294269159
1825,01_15_A0115137070011100068B,0.5,0.6555197018178017,54.0,32.0,0.1643346369206068,1.076611772843832
1826,01_15_A0115137070011100079z,0.3333333333333333,0.5945118671670048,81.0,45.0,1.0060200816678342,1.0316371356240022
1827,01_15_A0115137070011200031A,0.6666666666666666,0.21765729451087468,42.0,19.0,1.006278363378453,0.8342217647769861
1828,01_15_A0115137070011200031B,0.6666666666666666,0.08484479451087468,39.0,18.0,1.0057403930319149,0.8284209346283256
1829,01_15_A0115137070011200043z,0.8333333333333334,0.2428236645657236,33.0,15.0,0.09964319506061113,0.7960388768796463
1830,01_15_A0115137070012600032z,0.5,0.3290132965570267,35.0,17.0,1.001692600456049,0.8002293756706941
1831,01_15_A0115137070012600040z,0.8333333333333334,0.3842974727697147,24.0,11.0,0.08141238360943061,0.7713147662783505
1832,01_15_A0115137070012600044A,0.6666666666666666,0.3830848490529676,35.0,14.0,0.1018061146993686,0.8143831546069906
1833,01_15_A0115137070012900056A,0.8333333333333334,0.2104533471424536,27.0,13.0,0.0731807283402737,0.6673048763301076
1834,01_15_A0115137070012900056B,0.8333333333333334,0.2611204360604007,19.0,8.0,0.11056719137572324,0.6701330937498678
1835,01_15_a0115137070014400018z,0.5,0.6932045545148171,41.0,25.0,1.751929671108616,1.3906799073782323
1836,01_15_a0115137070014400027z,0.3333333333333333,0.5543185290191638,42.0,24.0,2.0081340062488398,1.1250549243178114
1837,01_15_a0115137070014400037z,0.5,0.2595788482416389,32.0,16.0,1.4185231275999204,0.9519499843154624
1838,01_15_A0115137070014500032z,0.5,0.2244534264068797,36.0,17.0,1.0038211462419395,0.8481669839951582
1839,01_15_A0115137070014500045z,0.8333333333333334,0.18341387345824312,23.0,7.0,0.03470063105140606,0.6727416239991243
1840,01_15_A0115137070015800032z,0.5,0.3111050785185384,36.0,15.0,1.4149797003957572,0.7144863288344738
1841,01_15_A0115137070015800044z,0.6666666666666666,0.3925956260780477,26.0,13.0,1.0084472160578082,0.7301396179162927
1842,01_15_A0115137070015800055z,0.8333333333333334,0.4314538482416389,33.0,12.0,0.14556444921799386,0.8196447623267323
1843,01_15_A0115137070016000013z,0.3333333333333333,0.7701402573961755,35.0,22.0,2.003134050530329,1.1807693262409782
1844,01_15_A0115137070016000014z,0.3333333333333333,0.7305722935102743,35.0,21.0,2.0012654484726027,1.1384331941031538
1845,01_15_A0115137070016000056z,0.3333333333333333,0.6839403661011406,71.0,28.0,0.18017116104427994,1.100143593352179
1846,01_15_A0115137070016100036A,0.5,0.314491734980982,41.0,19.0,1.0045408947530896,0.8338487668430411
1847,01_15_A0115137070017800032z,0.5,0.22447611259005867,25.0,15.0,1.4148480552229508,0.7037540511194722
1848,01_15_A0115137070017800039z,0.6666666666666666,0.13864222041787516,33.0,13.0,0.14783122785087555,0.6940558761230579
1849,01_15_A0115137070017800043z,0.5,0.2675712252722441,39.0,15.0,0.09236886999151188,0.6209891946784873
1850,01_15_A0115137070017800045z,0.5,0.1154453928274754,45.0,20.0,0.09340660711142668,0.6961832730286462
1851,01_15_a0115137070018500033z,0.5,0.41382140746951146,34.0,11.0,1.4219194344421628,0.9715389044150824
1852,01_15_a0115137070018500034A,0.5,0.4340618303392319,31.0,11.0,1.4214898499736082,0.9850611443284141
1853,01_15_a0115137070018500034B,0.6666666666666666,0.7381254718309157,29.0,17.0,1.008452303917431,1.0138251845371786
1854,01_15_a0115137070018500038z,0.3333333333333333,0.8340328650100007,40.0,19.0,1.4162066669596591,1.1662978324507465
1855,01_15_a0115137070018600026z,0.5,0.4053719254760427,31.0,17.0,1.733792937661076,0.9576384922540648
1856,01_15_a0115137070018600030z,0.5,0.472781397381688,28.0,17.0,1.7329968061737822,0.8817982400608477
1857,01_15_a0115137070018600032z,0.3333333333333333,0.5578191239236349,29.0,20.0,2.003252470866575,1.0130339450451844
1858,01_15_A0115137070019000029z,0.5,0.3716686540600894,42.0,19.0,1.4164460349007666,0.8109126496833072
1859,01_15_A0115137070019000030z,0.5,0.3522849963059657,47.0,18.0,1.4157752966689758,0.8203971050084818
1860,01_15_A0115137070019000031z,0.5,0.3565186898023821,41.0,17.0,1.4165335192837398,0.7177815630743729
1861,01_15_a0115137070019100017z,0.5,0.3160983319714885,35.0,18.0,1.7371965262096718,0.93978078878193
1862,01_15_a0115137070019100022z,0.8333333333333334,0.6108576553628373,26.0,10.0,1.0097273091812633,0.9526562907008748
1863,01_15_a0115137070019100032z,0.6666666666666666,0.2521802881281185,31.0,13.0,1.0031874115670076,0.847929153631673
1864,01_15_a0115137070019100033B,0.5,0.2691299250090915,33.0,15.0,1.4175359770680025,0.7956991809479821
1865,01_15_A0115137070020000023z,0.5,0.8214614973504478,28.0,17.0,1.7341172738062416,0.9571611161022552
1866,01_15_A0115137070020000032A,0.5,0.4472491351037361,32.0,15.0,1.4154407153137512,0.7852166822374895
1867,01_15_A0115137070020000042z,0.5,0.4660739103863946,47.0,18.0,1.0051224260527991,0.9588577148365268
1868,01_15_A0115137070020400031z,0.3333333333333333,0.3575972598399641,50.0,19.0,1.0036391181674431,0.8759257420426811
1869,01_15_a0115137070020400032z,0.5,0.7086004388107388,48.0,21.0,1.0079512880065915,1.1451313841402957
1870,01_15_A0115137070020800029z,0.5,0.21010749126444084,35.0,15.0,1.7333476531320529,0.7086622836052997
1871,01_15_A0115137070020800031A,0.5,0.2442917476276345,33.0,15.0,1.7341163881097237,0.7510250713962097
1872,01_15_A0115137070021600034z,0.5,0.2492716881172056,32.0,16.0,1.4149471849284927,0.7638770547767206
1873,01_15_A0115137070022500032z,0.5,0.21197407899465748,34.0,13.0,1.4152146496514049,0.7045131741465054
1874,01_15_a0115137070022700038A,1.0,0.36350526892777535,16.0,9.0,0.1124477570501126,0.7554771992715046
1875,01_15_a0115137070022700040A,0.6666666666666666,0.3718012380715449,19.0,14.0,1.0116978884101828,0.8182365902905216
1876,01_15_a0115137070022700046A,0.8333333333333334,0.16449079316882775,23.0,13.0,0.12097982188859385,0.7615166398959264
1877,01_15_a0115137070022700049z,0.8333333333333334,0.4378758661659159,22.0,10.0,0.17195157856498672,0.8348888636019797
1878,01_15_A0115137070022800032z,0.6666666666666666,0.2954933138436045,26.0,16.0,1.0074655626209437,0.9243349675629312
1879,01_15_A0115137070022800040z,0.8333333333333334,0.4234676169719569,24.0,10.0,1.0100810717484512,0.9197130791853132
1880,01_15_A0115137070022800050z,0.8333333333333334,0.2806216135679408,28.0,11.0,0.0989471477419916,0.8502556499866476
1881,01_15_a0115137070023100031B,0.6666666666666666,0.3576159402288982,37.0,17.0,1.0040731001552132,0.7401140608964547
1882,01_15_a0115137070023300036z,0.8333333333333334,0.15864366489429016,15.0,8.0,1.0083410702515077,0.7526425709079283
1883,01_15_a0115137070023300052z,0.8333333333333334,0.24859604410560066,29.0,11.0,0.19369569691419,0.7929220317718888
1884,01_15_a0115137070023600031z,0.5,0.16676813980593053,35.0,17.0,1.4159397773845779,0.8390224690574747
1885,01_15_a0115137070023600042z,0.6666666666666666,0.5963824648748011,35.0,19.0,0.1477820863401788,0.9587487144265964
1886,01_15_A0115137070024600042A,0.6666666666666666,0.5627540528000402,43.0,20.0,1.007308963605125,0.7792592071871869
1887,01_15_a0115137070027300062z,0.5,0.2695637590417671,40.0,21.0,1.0144828708491505,1.0002307130453691
1888,01_15_a0115137070028400041z,0.5,0.7827326553628373,43.0,16.0,1.4175890795118211,0.9196926080913136
1889,01_15_a0115137070028400043z,0.6666666666666666,0.4799312231229015,43.0,18.0,1.0026095999152036,0.8415360103914972
1890,01_15_a0115137070028400049A,0.5,0.39293591842746795,47.0,24.0,1.0012634621315366,0.9603910042920846
1891,01_15_A0115137130000100027z,0.5,0.15429297813018744,27.0,14.0,1.4143778561696174,0.6621208511908563
1892,01_15_a0115137130000100031N,0.6666666666666666,0.1586029142005591,33.0,16.0,1.0003419545142622,0.6751788587601516
1893,01_15_a0115137130000100031S,0.6666666666666666,0.14348216731937666,30.0,13.0,1.000202199056608,0.6562137937714124
1894,01_15_A0115137130000100031z,0.6666666666666666,0.2605258633176434,27.0,11.0,1.0034847042503117,0.7802772268430729
1895,01_15_A0115137130000600033z,0.6666666666666666,0.17078838407086305,26.0,13.0,1.000598829691491,0.6803801657143863
1896,01_15_A0115137130000700013z,0.3333333333333333,0.9609133967229266,39.0,24.0,2.010041357875999,1.4235465063054973
1897,01_15_A0115137130000700014z,0.3333333333333333,1.3037603781401934,34.0,21.0,2.0061130429380243,1.4902105977167313
1898,01_15_A0115137130000700016z,0.3333333333333333,1.2077042869920778,35.0,21.0,2.0057254124738417,1.4234340384527036
1899,01_15_a0115137130002100014z,0.5,0.8490416730103147,41.0,25.0,1.777263359777277,1.5572170307764557
1900,01_15_a0115137130002100028z,0.5,0.328229738552012,30.0,21.0,1.7399516106075326,0.9386174506789758
1901,01_15_A0115137140000100030z,0.6666666666666666,0.455295888474169,23.0,11.0,1.4162583587809645,0.916598131715478
1902,01_15_A0115137140000100032z,0.6666666666666666,0.39458706120994425,32.0,11.0,1.0017838098959813,0.8715956920082762
1903,01_15_a0115137140000800035A,0.5,0.3600776864058388,41.0,17.0,1.0021722629589451,0.8034027936435931
1904,01_15_a0115137140001100025A,0.5,0.2328782957238269,38.0,19.0,1.0012596323319962,0.8298070156708992
1905,01_15_a0115137140001100036A,0.5,0.3638561540600894,41.0,17.0,1.0024091327438471,0.8057789095725135
1906,01_15_a0115137140001300039C-1,0.5,0.7211935781012706,42.0,21.0,1.0088184737228156,0.8982948721622248
1907,01_15_a0115137140001300039C-2,0.5,0.7290060781012706,53.0,22.0,1.009279940529505,0.8973397373593405
1908,01_16_a0116133020000100037z,0.5,0.5026400058448361,44.0,25.0,1.0026309544510494,0.8305244161387091
1909,01_16_a0116133020000300028z,0.5,0.2611812231229015,29.0,16.0,1.4148276381205729,0.8220036737782047
1910,01_16_a0116133020000300034z,0.6666666666666666,0.4774507965570267,34.0,10.0,1.001277180214628,0.8099392648259716
1911,01_16_a0116133020000300045z,0.8333333333333334,0.2712978115231022,16.0,11.0,0.037655102219460924,0.6592037459969127
1912,01_16_a0116133020001200027z,0.3333333333333333,0.5359699051659528,27.0,16.0,2.001091631465492,0.9345324065665204
1913,01_16_a0116133020001400022z,0.3333333333333333,0.3748635320192024,31.0,17.0,1.733283153306029,0.9114181174187774
1914,01_16_a0116133020001400031z,0.5,0.3702353674622404,31.0,13.0,1.4161210560754345,0.8973010970894482
1915,01_16_a0116133020001400043z,0.8333333333333334,0.15087644625244154,34.0,13.0,0.11408945096560698,0.7121445498865269
1916,01_16_a0116133050000100024A,0.5,0.3877449319814167,31.0,14.0,1.4154911930409435,0.9558413597007241
1917,01_16_a0116133050000100024B,0.5,0.4256907573462361,25.0,13.0,1.7333679118831824,0.7221105371895936
1918,01_16_a0116133050000200026z,0.5,0.4898780210390106,25.0,13.0,1.7334679772863293,0.7277281432387313
1919,01_16_a0116133050000200033z,0.5,0.4117516252670103,37.0,12.0,1.0022539792308365,0.9177019148639124
1920,01_16_a0116133050000400033z,0.6666666666666666,0.21471317066976334,34.0,15.0,1.0005651528252877,0.6547056284588985
1921,01_16_a0116133050001000032A,0.5,0.4106243303392319,27.0,18.0,1.4155694075368883,0.8665577424409144
1922,01_16_a0116133050001100032A,0.5,0.4143921067480793,30.0,12.0,1.4160074865428527,0.9159898619535112
1923,01_16_a0116133050001100032B,0.5,0.23967606057412194,25.0,16.0,1.4146954938342746,0.7250327455263914
1924,01_16_a0116133050001500023z,0.5,0.4640275812351479,30.0,13.0,1.4158684353988304,0.9928087102883504
1925,01_16_a0116133050001500031z,0.5,0.28507297854319025,27.0,16.0,1.4151716010401731,0.8220237395720531
1926,01_16_a0116133050001500040z,0.8333333333333334,0.5751753829692712,27.0,11.0,0.07940939542629204,0.7286666170447846
1927,01_16_A0116133070000200025z,0.5,0.4668232659957829,26.0,13.0,1.7333145922475999,0.679103188150949
1928,01_16_A0116133070000200031z,0.6666666666666666,0.539167238552012,33.0,11.0,1.0020266603534114,0.8575391206739356
1929,01_16_A0116133070000200041z,0.6666666666666666,0.15199183327408938,21.0,10.0,0.04740047811884087,0.6800162215433961
1930,01_16_a0116133070000300026z,0.5,0.28864657573311897,23.0,14.0,1.7329314190425789,0.7312896359067026
1931,01_16_a0116133070000300033z,0.5,0.4471945699787807,35.0,12.0,1.0024554624118616,0.8388595489751143
1932,01_16_A0116133070000300044z,0.6666666666666666,0.22710073875460085,21.0,8.0,0.039069005776222215,0.6518933114376595
1933,01_16_a0116133070000900024A,0.5,0.4880675733616714,31.0,13.0,1.4169859714182769,0.9748913692135016
1934,01_16_a0116133070000900024B,0.5,0.4161122278250866,31.0,16.0,1.4158110064892355,0.9308653336725378
1935,01_16_a0116133070002400024z,0.6666666666666666,0.494703193697617,30.0,11.0,1.0047112369085816,0.990623780890668
1936,01_16_a0116133070002400033z,0.6666666666666666,0.2048716228613366,28.0,15.0,1.004067507867817,0.7346434144894385
1937,01_16_A0116133080000100031z,0.6666666666666666,0.3190343362531615,24.0,12.0,1.4150733586735431,0.7517400228042551
1938,01_16_A0116133080000100041z,0.8333333333333334,0.2498782729747797,21.0,9.0,0.04966193693900745,0.7106765727735476
1939,01_16_a0116133080000200025z,0.3333333333333333,0.502942382230173,29.0,12.0,1.7362198929299906,0.8796025157334186
1940,01_16_a0116133080000200032z,0.3333333333333333,0.3871251283151841,22.0,13.0,1.732703155331468,0.6787392155752283
1941,01_16_a0116133080000200044z,0.6666666666666666,0.3417344751542991,23.0,8.0,0.06696975268484469,0.6522132949641791
1942,01_16_A0116133080000300025z,0.16666666666666666,0.4906926766942483,44.0,26.0,1.7387351859378528,0.8625965143118908
1943,01_16_A0116133080000300034z,0.3333333333333333,0.33556649570535024,36.0,19.0,1.4149655310821012,0.8095376002959211
1944,01_16_A0116133080000500024A,0.3333333333333333,0.4542689491817399,30.0,17.0,1.7333596559286917,0.9524189217470403
1945,01_16_A0116133080000500024B,0.16666666666666666,0.3689538482416389,39.0,22.0,2.002233738112979,0.8870058800355249
1946,01_16_A0116133080000500032z,0.6666666666666666,0.4156367879869046,35.0,14.0,1.0037422626532484,0.9123593658023718
1947,01_16_A0116133080000500042N,0.8333333333333334,0.2277555113006288,22.0,7.0,0.04807082292996272,0.6047934474128484
1948,01_16_A0116133080000500042S,0.8333333333333334,0.3035173143415103,19.0,9.0,0.058984978452799826,0.5872140474213963
1949,01_16_a0116133080000800024z,0.5,0.5012477304888794,53.0,20.0,1.0029581191696704,1.0075644402250141
1950,01_16_A0116133090000200032z,0.6666666666666666,0.24683398311822635,24.0,13.0,1.0003321967728318,0.6999362772248602
1951,01_16_a0116133090001200024z,0.6666666666666666,0.4986036972148824,30.0,11.0,1.0048828149595366,1.002366032763611
1952,01_16_a0116133090001200032B,0.5,0.3098954509846725,31.0,11.0,1.415347510407255,0.7174466468522175
1953,01_16_a0116133090002100022z,0.3333333333333333,0.2709338531473988,36.0,20.0,1.7324302618217031,0.8197061861805316
1954,01_16_a0116133090002100030A,0.6666666666666666,0.5766038817904192,33.0,9.0,1.0043316814810792,0.8664458731655256
1955,01_16_a0116133090002100030B,0.5,0.2985334675014908,37.0,15.0,1.003094891636908,0.7859550869372876
1956,01_16_a0116133090002100031A,0.6666666666666666,0.5127117468950989,38.0,14.0,1.0042275286736413,0.8909276888890266
1957,01_16_a0116133090002600032z,0.5,0.3573922204178752,35.0,15.0,1.0010459435536176,0.7273527625530741
1958,01_16_a0116133092000100025B,0.5,0.15509861836189345,41.0,16.0,1.0023638237545462,0.8151409113267334
1959,01_16_a0116133092000200025A,0.5,0.20176902421954268,33.0,16.0,1.0035826586741592,0.7054764179921538
1960,01_16_a0116133093000500025B,0.5,0.380196311097005,45.0,18.0,1.0092889790489632,0.9749812207264128
1961,01_16_A0116133094000100033z,0.6666666666666666,0.5224011854883183,32.0,12.0,1.002459787459098,0.831475483008559
1962,01_16_A0116133094000100034z,0.5,0.2509044907312915,27.0,12.0,1.4144811977191625,0.692925723695661
1963,01_16_A0116133094000100044a,0.6666666666666666,0.3100810611358604,26.0,14.0,0.050704597408214966,0.6657858357089655
1964,01_16_A0116133094000100044b,0.6666666666666666,0.18938542691379975,26.0,8.0,0.0392216720300857,0.3982799587200902
1965,01_16_a0116133100000100024z,0.3333333333333333,0.4898780210390106,29.0,12.0,1.7365970987946295,0.9547220981788712
1966,01_16_a0116133100000100028z,0.16666666666666666,0.4052130452637788,34.0,17.0,1.7357627328545433,0.8471459595154267
1967,01_16_a0116133100000200032z,0.6666666666666666,0.4725869547565898,30.0,11.0,1.0026282629049608,0.9142538597541382
1968,01_16_a0116133100000200042z,0.8333333333333334,0.29160415237060155,26.0,5.0,0.05470646753159019,0.8145884702315825
1969,01_16_a0116133100000300026z,0.6666666666666666,0.3096228230015228,22.0,11.0,1.4181100761116945,0.7560988179511964
1970,01_16_a0116133100000300029A,0.8333333333333334,0.4433601842283563,20.0,11.0,1.0058514844568396,0.7159893521773423
1971,01_16_a0116133100000300031B,0.8333333333333334,0.5446638734582431,25.0,11.0,1.0080987823050631,0.8758009950945794
1972,01_16_a0116133100000400021z,0.3333333333333333,0.4899630311977246,39.0,21.0,1.7343062073041653,1.0615780748904913
1973,01_16_a0116133100000400023z,0.6666666666666666,0.6069354377857284,27.0,14.0,1.4190693000821977,0.8864588960372849
1974,01_16_a0116133100000700028z,0.3333333333333333,0.4840633261829753,29.0,12.0,1.736176636869317,0.9300429572396712
1975,01_16_a0116133100000700033z,0.8333333333333334,0.3766265927564887,16.0,11.0,1.0063458089440611,0.7212293073948015
1976,01_16_a0116133100001700032B,0.6666666666666666,0.574487474323614,38.0,19.0,1.004501463435207,0.8950096328328954
1977,01_16_a0116133110000100032z,0.6666666666666666,0.3428203296342339,20.0,10.0,1.4145352409768912,0.6703297398398178
1978,01_16_a0116133110000200024z,0.5,0.29444126366194023,32.0,16.0,1.4147552819094795,0.7896293161658721
1979,01_16_a0116133110000300024z,0.5,0.4156952406294693,25.0,13.0,1.7332839554678598,0.7722458261607026
1980,01_16_a0116133110000400029z,0.6666666666666666,0.44797452646837865,33.0,11.0,1.0030835786383911,0.8534275334043101
1981,01_16_a0116133110000400031z,0.6666666666666666,0.5448602309299365,34.0,9.0,1.0025753888266131,0.8481756368238271
1982,01_16_a0116133110000500032z,0.8333333333333334,0.35024877012522365,16.0,7.0,1.0002369857401536,0.6672266227940311
1983,01_16_a0116133110000900024z,0.5,0.4812899605777513,26.0,13.0,1.7342054294122435,0.7301423146514721
1984,01_16_a0116133110001100025z,0.3333333333333333,0.5168727304888794,30.0,17.0,2.0009087039904663,0.7879702863647465
1985,01_16_a0116133110001900023z,0.3333333333333333,0.4907838348988537,31.0,16.0,1.7340824645319288,0.9784376471309086
1986,01_16_a0116133110001900033z,0.5,0.4390926169719569,30.0,12.0,1.4162362534855746,0.8936324579069509
1987,01_16_a0116133110002100024z,0.3333333333333333,0.33836388261687056,31.0,20.0,1.7393692660482265,0.8124783316815826
1988,01_16_a0116133110002100034z,0.5,0.3842391060648255,34.0,12.0,1.41585332422121,0.8815851978169177
1989,01_16_a0116133110002200026z,0.6666666666666666,0.29579820157397024,25.0,15.0,1.4151422924046235,0.7366900798340963
1990,01_16_a0116133110002300029z,0.3333333333333333,0.2902896409264389,38.0,17.0,1.7324140008370459,0.7243862031762199
1991,01_16_a0116133110002300038z,0.6666666666666666,0.2546303690925784,26.0,12.0,1.0004835163395889,0.6636818163929646
1992,01_16_a0116133110002400023z,0.5,0.3851590902533325,25.0,13.0,1.7332538884095066,0.7171572802300834
1993,01_16_a0116133110002400033z,0.6666666666666666,0.44651178367496136,28.0,6.0,1.0049913666408157,0.9190648480168384
1994,01_16_a0116133110002400043z,0.6666666666666666,0.17276857928357992,30.0,11.0,0.09913778613525873,0.6485604796174297
1995,01_16_a0116133110003000028z,0.5,0.2564112003129616,33.0,16.0,1.4151675537278523,0.7649252438414702
1996,01_16_a0116133110003000033A,0.8333333333333334,0.3249334915719988,19.0,8.0,1.006003652566612,0.7889172366709181
1997,01_16_a0116133110003000033B,0.5,0.4101715488968396,30.0,12.0,1.4154687703847388,0.9155247615922492
1998,01_16_a0116133110003500026z,0.3333333333333333,0.5396812883189241,29.0,16.0,2.0012628641650343,0.8372933145589592
1999,01_16_a0116133110003700031z,0.5,0.3074883610130703,19.0,15.0,1.4155756835515616,0.7498775454182386
2000,01_16_a0116133110003700038z,0.6666666666666666,0.1806170884763077,30.0,11.0,1.0013506054255719,0.6730415444050952
2001,01_16_a0116133110003900023z,0.3333333333333333,0.5025156936976171,31.0,17.0,1.7345047140066776,0.9498203796141558
2002,01_16_a0116133110003900032A,0.6666666666666666,0.3799541185284657,27.0,10.0,1.0020075914162443,0.8260764994747126
2003,01_16_a0116133110003900032B,0.5,0.3643150432397464,29.0,12.0,1.4153033049889632,0.8769083724443262
2004,01_16_a0116133110004100032z,0.5,0.23182661604271135,33.0,14.0,1.414816612600652,0.5425106447134217
2005,01_16_a0116133110004100038z,0.6666666666666666,0.14817643798031888,27.0,15.0,1.0004422954318664,0.6500449425684208
2006,01_16_a0116133110004100042z,0.6666666666666666,0.1393112701252236,27.0,15.0,1.0008679840731567,0.6465512026162915
2007,01_16_a0116133110004200032z,0.5,0.22846321556350624,40.0,16.0,1.0082118284737032,0.7063387426204176
2008,01_16_a0116133110004400030A,0.6666666666666666,0.3900506811282445,32.0,13.0,1.0028562375764278,0.8864971001155689
2009,01_16_a0116133120000300024z,0.5,0.4783506435173968,26.0,13.0,1.7340659673185,0.7200934957232461
2010,01_17_a0117136030000400032z,0.6666666666666666,0.4347352226057598,33.0,12.0,1.0042860910768905,0.9140602706991952
2011,01_17_a0117136030000400039z,0.6666666666666666,0.2123196127797803,26.0,11.0,1.0013509927918138,0.7174115243878049
2012,01_17_a0117136030000400043z,0.6666666666666666,0.10343263826409332,27.0,15.0,1.000401495485968,0.6652759251254069
2013,01_17_a0117136040000200026z,0.3333333333333333,0.5283392076269983,31.0,12.0,1.7345799807704023,0.9852644740814308
2014,01_17_a0117136040000200032z,0.5,0.2603905645849168,24.0,15.0,1.0006501643729224,0.6682731874158286
2015,01_17_a0117136040000200043z,0.5,0.2255576178405461,36.0,18.0,0.08847772096808612,0.2454583952809857
2016,01_17_a0117136060000100033A,0.6666666666666666,0.23168890083861016,23.0,11.0,1.4147659034216733,0.5048303410312134
2017,01_17_a0117136060000300023z,0.3333333333333333,0.5706808602580401,27.0,12.0,1.7340697334693953,1.0058294088760602
2018,01_17_a0117136060000800033z,0.5,0.26703781277287403,32.0,16.0,1.4146018162446403,0.6862862559596289
2019,01_17_a0117136060000800034z,0.5,0.3936021769413768,22.0,10.0,1.4150750783437518,0.7402344262482032
2020,01_17_a0117136060000800045z,0.8333333333333334,0.13227502875031938,25.0,10.0,0.09155631175820506,0.7041343799773563
2021,01_17_A0117136060001000024z,0.3333333333333333,0.5888180884448622,35.0,18.0,2.0031424418342887,1.0463700418938076
2022,01_17_A0117136060001100027z,0.3333333333333333,0.478163621168226,27.0,16.0,2.0014606676225406,0.9195861556450132
2023,01_17_A0117136060001300022z,0.3333333333333333,0.26244819550727416,29.0,16.0,1.7325929209512558,0.7501844283780592
2024,01_17_A0117136060001300031z,0.6666666666666666,0.207506142129381,17.0,6.0,1.4149683108087814,0.7094286643820721
2025,01_17_A0117136060001300040z,0.8333333333333334,0.11119866921242144,31.0,21.0,0.10553062613680884,0.6938204783578379
2026,01_17_a0117136060001800025z,0.6666666666666666,0.298107436541103,30.0,12.0,1.0028621022087634,0.7318047544980131
2027,01_17_a0117136060002000031B,0.5,0.40341833958439394,31.0,16.0,1.4185301430535242,0.9106998148475841
2028,01_17_a0117136060002000033z,0.6666666666666666,0.21509664704102227,23.0,12.0,1.003197168868469,0.7292690306900471
2029,01_17_a0117136060002400031A,0.6666666666666666,0.160584926089822,28.0,13.0,1.0062004692574302,0.7506733373662104
2030,01_17_a0117136060002400040z,0.8333333333333334,0.10717684968579423,27.0,15.0,0.12034349305389128,0.6994616849974483
2031,01_17_a0117136060002500032A,0.6666666666666666,0.15665289421274375,36.0,18.0,1.0035090491481822,0.8848051813464696
2032,01_17_a0117136060003000033A,0.6666666666666666,0.5741705957377982,39.0,20.0,1.0017086714754535,0.8739607498054677
2033,01_17_a0117136060003000033B,0.6666666666666666,0.7104715624690437,33.0,14.0,1.0041643477786286,1.064477471800363
2034,01_17_a0117136060003000052z,0.5,0.544841497186418,56.0,25.0,0.0855332821601093,0.9337627864765432
2035,01_17_a0117136070000200030z,0.5,0.27873856057412194,36.0,20.0,1.4153616370493405,0.7227443531178874
2036,01_17_a0117136070000200056z,0.3333333333333333,0.30431649570535024,46.0,26.0,0.14682752454692538,0.7906774514109518
2037,01_17_a0117136070000700024z,0.6666666666666666,0.3031316692881112,34.0,14.0,1.0025696914573945,0.8276479531646712
2038,01_17_a0117136070000700042z,0.8333333333333334,0.3793560727063634,26.0,9.0,0.11035060173743694,0.7529705086165357
2039,01_17_a0117136080000200023B,0.3333333333333333,0.4357366320055548,28.0,16.0,2.001052737526764,0.7701149588868708
2040,01_17_a0117136080000200032A,0.5,0.17846025066787058,25.0,13.0,1.414958518092067,0.5714012935880932
2041,01_17_a0117136080000200032B,0.5,0.4039391252670103,27.0,16.0,1.4158216586118,0.8636555151077833
2042,01_17_A0117136090000400024b,0.5,0.44797487990891016,27.0,16.0,1.7330907838749132,0.9045223849811808
2043,01_17_a0117136090000400033z,0.6666666666666666,0.470351121168226,29.0,7.0,1.003665527943386,0.9039668448423458
2044,01_17_a0117136090000400043z,0.8333333333333334,0.2914079499088573,19.0,7.0,0.022078827463886383,0.6626930485739758
2045,01_17_a0117136090001200026z,0.3333333333333333,0.31372446271612586,28.0,16.0,2.0005402869171425,0.7374320990797895
2046,01_17_a0117136090002800033z,0.5,0.28502700955936544,43.0,14.0,1.0012595665849369,0.7188812945004409
2047,01_17_a0117136100000400025z,0.5,0.5149134864613389,27.0,13.0,1.734368988237723,0.9478304307549974
2048,01_17_a0117136100000400033A,0.6666666666666666,0.2645906802299928,23.0,12.0,1.0007131689488895,0.6689157002334278
2049,01_17_a0117136100001200024z,0.3333333333333333,0.42450746487480095,29.0,15.0,1.7334325289978916,0.9430373605915924
2050,01_17_a0117136100001300036z,0.6666666666666666,0.3031636397240633,29.0,10.0,1.0028912228107498,0.6066550804056983
2051,01_17_a0117136100001400026z,0.5,0.5044972899075295,24.0,13.0,1.7342393436105261,0.959766254588124
2052,01_17_a0117136100001400034z,0.6666666666666666,0.2050142362753729,34.0,16.0,1.0013400969021724,0.6905311198173837
2053,01_17_a0117136100001400042z,0.6666666666666666,0.10435268425420836,22.0,10.0,0.029354558351142312,0.6659842733018506
2054,01_17_a0117136100001500046c,0.8333333333333334,0.2252963895596821,15.0,9.0,0.028554900018398114,0.15031804921186853
2055,01_17_a0117136100002300024z,0.3333333333333333,0.3816391240848095,30.0,17.0,2.001110391231866,0.7143242252027803
2056,01_17_a0117136100002300025z,0.5,0.4511517486213574,29.0,13.0,1.7334429300594083,0.8373901446707115
2057,01_17_a0117136100002300042a,0.6666666666666666,0.09442952317873672,18.0,8.0,1.0005142557692297,0.6455644178122687
2058,01_17_a0117136100003500024A,0.5,0.25008341142062074,25.0,15.0,1.4147729989712854,0.7561103048504232
2059,01_17_a0117136100003500032z,0.6666666666666666,0.3319831331459239,22.0,12.0,1.0024755457622758,0.741234637669815
2060,01_17_a0117136100003500041z,0.8333333333333334,0.19962512831518409,34.0,10.0,0.07876772792488465,0.7769906878966416
2061,01_17_a0117136100003600032A,0.6666666666666666,0.24270094920836605,32.0,14.0,1.0025395360569402,0.6572533278110171
2062,01_17_a0117136100003700031z,0.5,0.4641959434837342,30.0,13.0,1.415885189407634,0.9279168350357452
2063,01_17_a0117136100003700043z,0.6666666666666666,0.10501978577223492,25.0,12.0,1.0001322570115232,0.6267440399835653
2064,01_17_a0117136100004000034z,0.6666666666666666,0.25530106057412194,40.0,15.0,1.0018985911683564,0.8350832244241034
2065,01_17_a0117136100005100022z,0.3333333333333333,0.42513344348373416,33.0,17.0,1.7338126694356553,0.9535888440160074
2066,01_17_a0117136100005100026z,0.6666666666666666,0.6021308512224209,25.0,11.0,1.4170424462140137,0.9073197841188956
2067,01_17_a0117136100005100032A,0.8333333333333334,0.11127571556350624,26.0,9.0,1.005795805968581,0.7278675990457274
2068,01_17_a0117136100005100032B,0.8333333333333334,0.29877571556350624,23.0,8.0,1.0042654138904143,0.6959635726223581
2069,01_17_a0117136100005100034z,0.6666666666666666,0.3542681398059305,27.0,10.0,1.0071508350847973,0.7429728696250296
2070,01_17_a0117136100005100047z,0.8333333333333334,0.16026407476528004,31.0,15.0,0.09055801814075536,0.7503001352817087
2071,01_17_a0117136100005500023z,0.3333333333333333,0.4226368671670048,35.0,19.0,1.7333968187231088,0.9826045647797638
2072,01_17_a0117136100005500032z,0.5,0.23220239580790544,39.0,12.0,1.0016425976605774,0.7352986968056986
2073,01_17_a0117136100005700032A,0.6666666666666666,0.23217684968579425,25.0,10.0,1.004108897763739,0.7225624228534678
2074,01_17_a0117136100006600032A,0.8333333333333334,0.13164205339592938,25.0,11.0,1.0014339245045476,0.6464581858720495
2075,01_17_a0117136100006600033z,0.8333333333333334,0.19936613831924727,15.0,5.0,1.0030694868068322,0.5339072589025644
2076,01_17_a0117136100006600035A,0.6666666666666666,0.17017476365969866,20.0,11.0,1.0024061007940102,0.6687685799775696
2077,01_17_a0117136100007200031z,0.6666666666666666,0.3393062231229015,26.0,7.0,1.004818279745073,0.6348110012100721
2078,01_17_a0117136100007200032z,0.6666666666666666,0.2257333305060349,30.0,8.0,1.0040492227700886,0.8174377567239183
2079,01_17_a0117136100007200033z,0.6666666666666666,0.11366058398455885,21.0,9.0,1.003186751610864,0.6575150380249493
2080,01_17_a0117136100007200050z,0.6666666666666666,0.4041738098787517,33.0,14.0,0.08570760549270896,0.8290840934063999
2081,01_17_a0117136100007300023A,0.5,0.16580610861652267,28.0,16.0,1.4149058590603683,0.7225447675960798
2082,01_17_a0117136100007400034z,0.6666666666666666,0.2342508775505473,20.0,10.0,1.425495056688864,0.9390195275329232
2083,01_17_a0117136101000100022z,0.3333333333333333,0.5192339149204194,34.0,17.0,1.7349925284424768,1.0557833191341806
2084,01_17_a0117136101000100024z,0.5,0.5156407949285856,24.0,13.0,1.7340280120617106,0.9317620871656817
2085,01_17_a0117136110000300024z,0.5,0.334224681971775,30.0,12.0,1.4163310520886812,0.9108040245383328
2086,01_17_a0117136110000300043z,0.8333333333333334,0.30572331084481297,17.0,8.0,0.09332320488158047,0.5075467363449948
2087,01_17_a0117136110000700030z,0.6666666666666666,0.2322676995314421,25.0,12.0,1.4145654825428282,0.6215047234580134
2088,01_17_a0117136110001600024B,0.5,0.3941715488968396,29.0,14.0,1.4188643054778023,0.8764287981758134
2089,01_17_a0117136110001600024C,0.5,0.4796339648430451,50.0,18.0,1.003965712444261,1.0298016055212509
2090,01_17_a0117136110001600038z,0.5,0.27022655663079165,28.0,13.0,1.0050125851158156,0.8147294616246734
2091,01_17_a0117136110001600043z,0.5,0.3325728566827276,38.0,17.0,1.0036567299198331,0.8791809284307012
2092,01_17_a0117136110002100023A,0.6666666666666666,0.6768074319814167,45.0,14.0,1.0046854817921669,0.9850072890961871
2093,01_17_a0117136110002100023B,0.6666666666666666,0.34952202593917714,29.0,14.0,1.0041344745798195,0.7822427297831369
2094,01_17_a0117136110002100023C,0.6666666666666666,0.4085994753546289,21.0,15.0,1.4197806694526962,0.7079904897884896
2095,01_17_a0117136110002100033z,0.5,0.14827922023640344,32.0,14.0,1.4147416105774766,0.6429583861609984
2096,01_17_a0117136110002100041z,0.8333333333333334,0.09392758472238473,40.0,19.0,0.06836622654844572,0.6460172856405776
2097,01_17_a0117136110002100050z,0.6666666666666666,0.14319399458590953,36.0,16.0,0.06603188753703583,0.7487601205485791
2098,01_17_a0117136110002400024z,0.6666666666666666,0.5352120612099442,31.0,11.0,1.0072079284564397,0.9439267445359104
2099,01_17_a0117136110002400033z,0.6666666666666666,0.18724406565491392,30.0,11.0,1.0035845740699278,0.7215247760321403
2100,01_17_a0117136110002400041z,0.6666666666666666,0.1597654076303121,38.0,15.0,0.08816498066672249,0.7684772148517929
2101,01_17_a0117136110002700023z,0.3333333333333333,0.2630011673766027,33.0,16.0,1.4164107208632812,0.7696775579649833
2102,01_17_a0117136110002700031z,0.5,0.3955791185284657,29.0,14.0,1.4159713188515497,0.8852007802506584
2103,01_17_a0117136110002700040z,0.6666666666666666,0.11126042691379978,30.0,11.0,0.06046922877359441,0.7118318342530242
2104,01_17_a0117136110003300033a,0.6666666666666666,0.3459519203827833,34.0,18.0,0.0810367208844131,0.8194715383770066
2105,01_17_a0117136110003300033B,0.5,0.19004191426760986,41.0,20.0,1.0018135975978095,0.7824931005456425
2106,01_17_a0117136110003300034z,0.5,0.2600293282802693,32.0,18.0,1.0028213296851358,0.6452347042307626
2107,01_17_a0117136120000400026A,0.3333333333333333,0.4755919548797456,27.0,17.0,2.0009945023843203,0.7785528142305278
2108,01_17_a0117136120000400026B,0.5,0.5582571397121131,28.0,15.0,1.7339964966688504,0.9586395607927451
2109,01_17_a0117136120000400033A,0.6666666666666666,0.5090062840089818,30.0,9.0,1.0022031722272111,0.8232254213476002
2110,01_17_a0117136120000400033B,0.6666666666666666,0.5116354785431902,30.0,9.0,1.001801748668539,0.8236065347145781
2111,01_17_a0117136120000500024z,0.5,0.20553991407730665,24.0,12.0,1.416200732512335,0.8379616491351096
2112,01_17_a0117136120000500032z,0.5,0.2986359292812001,29.0,16.0,1.415029616434302,0.6923314174711637
2113,01_17_a0117136120000500043z,0.8333333333333334,0.4278758928684708,25.0,11.0,0.14979390703944412,0.7909996052349832
2114,01_17_a0117136130000100025z,0.5,0.4702590024715842,24.0,13.0,1.7331363046734105,0.928552795948922
2115,01_17_a0117136130000300025z,0.5,0.467261631056464,24.0,13.0,1.7330550957581776,0.9207998600397092
2116,01_17_a0117136130000700024z,0.5,0.4433601842283563,29.0,16.0,1.4167231880583928,0.9376209350853286
2117,01_17_a0117136130000700033A,0.5,0.2563134902887809,27.0,15.0,1.414880823048456,0.7313148827346293
2118,01_17_a0117136130000700033B,0.3333333333333333,0.09265240475269544,29.0,19.0,1.7323687215525854,0.8245125460857912
2119,01_17_a0117136130000700033C,0.5,0.2749805348406147,32.0,16.0,1.4147380242519132,0.7168861876809894
2120,01_17_a0117136130000700033z,0.5,0.4268103230015228,30.0,12.0,1.4166313265208978,0.9013693036668652
2121,01_17_a0117136130001300032z,0.5,0.4787487899760389,31.0,13.0,1.4168901974846393,0.87602075889401
2122,01_17_a0117136130001600032A,0.6666666666666666,0.19334548873904867,40.0,16.0,1.0034730137135324,0.7857959581386225
2123,01_17_a0117136130001600032B,0.6666666666666666,0.18158821556350624,40.0,16.0,1.00287064463824,0.7899157272204481
2124,01_17_a0117136130002400034C,0.6666666666666666,0.3645829509846725,25.0,11.0,1.4149830261907173,0.7493368379270564
2125,01_17_a0117136150000300024z,0.3333333333333333,0.5044972899075295,40.0,16.0,1.7353086792669523,1.0104544791169852
2126,01_17_a0117136150000300043z,0.5,0.2223300379934128,36.0,18.0,0.08340075605973232,0.2421917081314664
2127,01_18_a0118138040000400025z,0.5,0.4668232659957829,29.0,13.0,1.7332149428257675,0.8071519286520813
2128,01_18_a0118138040000400033z,0.6666666666666666,0.3703475439217152,30.0,11.0,1.0028206520826524,0.8902707348758335
2129,01_18_A0118138040000700025z,0.5,0.501762441227223,32.0,21.0,1.419020640914526,0.7675744301483153
2130,01_18_A0118138040000700030z,0.5,0.4094372609095683,28.0,15.0,1.4152680702067593,0.8266472041081264
2131,01_18_a0118138040000800025f,0.3333333333333333,0.4917860995760455,37.0,12.0,1.4174668199667688,0.9955155883118676
2132,01_18_a0118138040000800033a,0.6666666666666666,0.3262332398353509,27.0,13.0,1.000447284148456,0.6176261757323495
2133,01_18_a0118138040000800033c,0.6666666666666666,0.29750430228727504,29.0,9.0,1.0018406096939814,0.7946916412904301
2134,01_18_A0118138040000900037z,0.3333333333333333,0.6067576432743497,41.0,22.0,1.4181035331213805,0.8671973527199386
2135,01_18_A0118138040001800025z,0.3333333333333333,0.5372161544349796,30.0,17.0,2.001517749829504,0.8099385581642871
2136,01_18_A0118138040001900026z,0.3333333333333333,0.5219900012777919,27.0,17.0,2.001061250175196,0.8200022028762292
2137,01_18_a0118138040002400025z,0.5,0.5142213348988537,26.0,14.0,1.7336011933207582,0.7378181325363424
2138,01_18_a0118138040002400032z,0.8333333333333334,0.4542689491817399,22.0,13.0,1.0032130251196942,0.8205426969324752
2139,01_18_A0118138040002700032z,0.6666666666666666,0.129381142129381,38.0,15.0,1.0035132863131508,0.8363124969383579
2140,01_18_A0118138040002700045A,0.8333333333333334,0.34010569577458805,36.0,15.0,0.10646160244781017,0.8700504184390303
2141,01_18_A0118138040002800032A,0.8333333333333334,0.3698903202862989,18.0,5.0,1.0028573443095998,0.7184061191082863
2142,01_18_a0118138110000400025z,0.5,0.5550988760986233,25.0,13.0,1.733427193835151,0.7793106860238662
2143,01_18_A0118138110000700034z,0.6666666666666666,0.5344215488968396,31.0,9.0,1.0037563766935,0.8804372755356252
2144,01_18_A0118138110000800025z,0.5,0.4783506435173968,34.0,15.0,1.7345838443647068,0.8753220491115036
2145,01_18_A0118138110000900037z,0.6666666666666666,0.11126042691379978,18.0,8.0,1.0004082160045529,0.6784692643550537
2146,01_18_A0118138110000900047z,0.8333333333333334,0.08752628271414142,24.0,9.0,0.07599226426566966,0.6665312277567067
2147,01_18_A0118138110001200017z,0.3333333333333333,0.8163622956500862,35.0,19.0,2.0129910111528,1.2046531077510698
2148,01_18_A0118138110001200021z,0.3333333333333333,0.5142213348988537,33.0,18.0,2.0018859395979516,0.86321735200049
2149,01_18_A0118138110001200025z,0.3333333333333333,0.4956417097998175,29.0,16.0,2.001000037560292,0.7978220576808367
2150,01_18_A0118138110001300017z,0.3333333333333333,0.8490416730103147,35.0,19.0,2.0131588950875123,1.2336694322381223
2151,01_18_A0118138110001300021z,0.3333333333333333,0.5298536972148824,33.0,18.0,2.001936732155455,0.8636484241187286
2152,01_18_A0118138110001300025z,0.3333333333333333,0.5168727304888794,29.0,16.0,2.0012865592136744,0.8294056244579576
2153,01_18_A0118138110002100031z,0.6666666666666666,0.4030584915719988,32.0,17.0,1.00326741772295,0.7308091843706412
2154,01_18_a0118138120001000032z,0.6666666666666666,0.362709016597098,27.0,11.0,1.0016431466253113,0.8003367049528217
2155,01_18_A0118138130000100031z,0.5,0.09194925925282664,31.0,15.0,1.414674979208464,0.6667220180467216
2156,01_18_a0118138130000200026z,0.3333333333333333,0.501762441227223,31.0,14.0,1.7362907228886266,0.9164624516313444
2157,01_18_A0118138130000200045z,0.5,0.2567942595195501,28.0,13.0,0.09258393405818297,0.5723755742031689
2158,01_18_A0118138130000400028z,0.6666666666666666,0.6889050584638083,29.0,10.0,1.4183850765966328,0.9375529747854828
2159,01_18_A0118138130000400032z,0.6666666666666666,0.5883590488968395,31.0,8.0,1.0021599435299864,0.8854160902613872
2160,01_18_A0118138130000600048z,0.3333333333333333,0.30851047854319025,40.0,17.0,0.11429135544703152,0.6477180629523139
2161,01_18_a0118138130000800030z,0.8333333333333334,0.5633064566058515,21.0,7.0,1.0027842376009792,0.9096046955595984
2162,01_18_a0118138130000800042z,0.8333333333333334,0.3426482060032768,15.0,9.0,0.03485111263728248,0.6326979164448071
2163,01_18_A0118138130000900019z,0.5,0.7006951912189371,27.0,17.0,1.4266133491283508,0.9317798811279576
2164,01_18_A0118138130000900021z,0.6666666666666666,0.4783506435173968,21.0,10.0,1.4241309075887751,0.8446269726977778
2165,01_18_A0118138130000900025z,0.3333333333333333,0.4898780210390106,39.0,24.0,1.4186787278324295,0.8166429860348431
2166,01_18_A0118138130000900032z,0.8333333333333334,0.4965446280930571,24.0,5.0,1.0046716312692199,0.8324315244244463
2167,01_18_a0118138130001000025B,0.5,0.398155611124864,27.0,15.0,1.7339218294785526,0.7950072479185496
2168,01_18_a0118138130001400031A,0.5,0.3616043484506956,31.0,16.0,1.4153776463103338,0.6848914208477137
2169,01_18_a0118138130001400031B,0.5,0.1563552963088478,33.0,15.0,1.4147251568084542,0.7661928502078877
2170,01_18_a0118138130001400031C,0.6666666666666666,0.2439484292812001,31.0,12.0,1.0035087474451434,0.7101248260954054
2171,01_18_A0118138130001600032z,0.8333333333333334,0.2378904076303121,23.0,8.0,1.0040779441920364,0.7388704462096092
2172,01_18_A0118138130001700052z,0.6666666666666666,0.35948578968749545,33.0,14.0,0.1058491404112062,0.7611682642228889
2173,01_18_a0118138130002000033B,0.6666666666666666,0.6991494547565898,25.0,8.0,1.0071510659521188,0.8600298490934676
2174,01_18_a0118138130002000033C,0.8333333333333334,0.8865514508576239,20.0,9.0,1.0190670103566368,1.0466584690704974
2175,01_18_a0118138150000100031z,0.5,0.08386316663982718,29.0,15.0,1.4143630784322838,0.6620803315467906
2176,01_18_a0118138150000100045z,0.8333333333333334,0.2719384902887809,20.0,7.0,0.051767339324092734,0.6987125386754813
2177,01_18_a0118138150000100055z,0.5,0.29160415237060155,36.0,20.0,0.05898086167741135,0.7347374327034711
2178,01_18_a0118138150000400034z,0.5,0.220803901838016,26.0,16.0,1.4150334888088103,0.6976347042737424
2179,01_18_a0118138150000500033z,0.6666666666666666,0.04040445081127486,30.0,12.0,1.00101642022426,0.643703737456787
2180,01_18_a0118138150001500025z,0.6666666666666666,0.43683281862757306,25.0,10.0,1.416119906214529,0.8078738157265744
2181,01_18_a0118138150001500029z,0.6666666666666666,0.3897284009855011,27.0,10.0,1.416358681553623,0.7759076818553645
2182,01_18_a0118138150001500030z,0.6666666666666666,0.3831111586014809,27.0,10.0,1.415797210189595,0.7704769777098391
2183,01_18_a0118138150001600015z,0.3333333333333333,0.6391025706871811,40.0,24.0,2.010099415890039,1.2223989243927986
2184,01_18_a0118138150001600023z,0.5,0.5163587851837594,34.0,19.0,1.7361122885714682,0.932905246047002
2185,01_18_A0118138150002400043z,0.8333333333333334,0.4889014042687404,30.0,13.0,0.16126042599866527,0.8033838635795679
2186,01_18_a0118138150003100035A,0.5,0.21608893395431086,27.0,13.0,1.4146996749253715,0.7286834583098941
2187,01_18_A0118138151000200034z,0.5,0.20772655663079165,27.0,16.0,1.4153843300986533,0.692939581508622
2188,01_18_a0118138151000200043z,0.5,0.2271393790479931,39.0,25.0,1.002381999588846,0.6926567983716755
2189,01_18_A0118138151000200047z,0.6666666666666666,0.2687965488968396,18.0,12.0,1.0029871531818777,0.6521848505135633
2190,01_18_A0118138151000200051z,0.6666666666666666,0.4437913817904192,26.0,11.0,1.0033829156259235,0.7575925611098325
2191,01_18_A0118138160000400035n,0.5,0.6372251365444327,33.0,11.0,1.0040323138415144,0.898501659790258
2192,01_18_A0118138160000400035s,0.5,0.4064752637562773,32.0,12.0,1.003350239169475,0.8219977745206366
2193,01_18_A0118138160000500043z,0.6666666666666666,0.39266553659258896,30.0,12.0,0.10376450592131824,0.6858268795765728
2194,01_18_A0118138160000500053z,0.3333333333333333,0.5949437840089818,57.0,23.0,0.11975577917026385,0.7471841926300095
2195,01_18_A0118138160000600021z,0.3333333333333333,0.5256768378545279,43.0,26.0,1.4188929708944849,0.8413099398036253
2196,01_18_A0118138160000600025z,0.3333333333333333,0.5057493512567216,45.0,26.0,1.4185199480789958,0.8502257719571154
2197,01_18_A0118138160000600027z,0.5,0.5046386309713612,27.0,13.0,1.416820217745624,0.8145786731324216
2198,01_18_A0118138160000600031z,0.6666666666666666,0.5759296477885701,24.0,10.0,1.417840199030035,0.8277086548718287
2199,01_18_A0118138160000900029z,0.5,0.4346329663187932,30.0,15.0,1.4163757739662777,0.9497004749813138
2200,01_18_A0118138160001200031z,0.6666666666666666,0.6049513108016015,22.0,10.0,1.4169514036557425,0.8588968387378978
2201,01_18_A0118138160001200048a,0.6666666666666666,0.31872036999115205,29.0,11.0,0.04988310235042921,0.6783876177264272
2202,01_18_A0118138160001200055z,0.5,0.15829053659258896,40.0,20.0,0.05108376568980876,0.5643474885705462
2203,01_18_A0118138160001400023z,0.6666666666666666,0.4389423822301729,26.0,12.0,1.4179430070972148,0.8954697219662702
2204,01_18_A0118138160001400025z,0.3333333333333333,0.346060918427468,35.0,12.0,1.7359448407398723,0.9160273750010391
2205,01_18_A0118138160001400034z,0.5,0.3938378925660903,29.0,14.0,1.4150951304411876,0.8633577172737833
2206,01_18_a0118138160001500033z,0.8333333333333334,0.21255309354332386,24.0,11.0,1.0003325265344551,0.6708899000697668
2207,01_18_A0118138160001600036z,0.8333333333333334,0.4016503925660903,26.0,7.0,1.007562970996433,0.8632130443341354
2208,01_18_A0118138160001900046z,0.5,0.189491734980982,31.0,17.0,1.000227899170095,0.4221417206712047
2209,01_18_A0118138160001900056z,0.8333333333333334,0.2373309987879071,31.0,18.0,0.09239904943829988,0.5314115217215232
2210,01_18_A0118138160002200019z,0.5,0.5309465619584905,33.0,16.0,1.4227823021537649,0.9523397976214446
2211,01_18_A0118138160002200024z,0.3333333333333333,0.4958627362124738,35.0,18.0,1.419671289098818,0.9166739243714292
2212,01_18_A0118138160002200039z,0.6666666666666666,0.12370682778795515,30.0,11.0,0.028608902895571445,0.5223105921878932
2213,01_18_A0118138160002700028z,0.5,0.4153801931754465,27.0,13.0,1.7345769414058287,0.7818891049839474
2214,01_18_A0118138160002700038z,0.6666666666666666,0.4125842555084098,28.0,11.0,1.0025953959044085,0.8749523707206388
2215,01_18_A0118138160003100024z,0.5,0.4957964149204194,33.0,14.0,1.417166784422531,0.9906826880447704
2216,01_18_A0118138160003100032z,0.5,0.3625465488968396,35.0,15.0,1.4155187225185748,0.8805413736216052
2217,01_18_a0118138160003200037z,0.5,0.2119231077046998,22.0,15.0,1.4147413253845376,0.6699167980252508
2218,01_18_A0118138160003500070a,0.5,0.15789658173379106,49.0,25.0,0.11558186821917725,0.6757522585283915
2219,01_18_a0118138160003700034z,0.5,0.18547153258894652,31.0,15.0,1.4151533622153802,0.7374719648704703
2220,01_18_a0118138160003700044z,0.8333333333333334,0.20197361836189345,45.0,18.0,0.05324543289809548,0.6649286158199876
2221,01_18_A0118138160003900011z,0.3333333333333333,0.7877160447816132,45.0,27.0,2.0117908761591807,1.3820874921114674
2222,01_18_A0118138160003900014z,0.3333333333333333,1.044157488962521,40.0,24.0,2.0047710745437524,1.317267881802622
2223,01_18_A0118138160004100049z,1.0,0.238756142129381,24.0,10.0,0.08280348841938877,0.7589329615883688
2224,01_18_a0118138160004500017B,0.3333333333333333,1.009222575466888,42.0,24.0,2.0106832294092096,1.4435405867911426
2225,01_18_A0118138160005500032A,0.6666666666666666,0.20213956906669092,23.0,8.0,1.4205593072711884,0.7154256309947413
2226,01_18_A0118138160005700044z,0.8333333333333334,0.3159551406281057,26.0,14.0,0.2396377888427485,0.7930830734562168
2227,01_18_A0118138160005800044z,0.8333333333333334,0.3202548822301729,27.0,13.0,0.18760952620532936,0.8061039643544089
2228,01_18_a0118138160005900043B,0.8333333333333334,0.5585032573462361,25.0,11.0,0.2299678399880694,0.8792813589953217
2229,01_18_a0118138160006300031A,0.5,0.21189223435265025,25.0,12.0,1.4148419787360806,0.5323626068471278
2230,01_18_A0118138170000200059z,0.3333333333333333,0.3375640927564887,50.0,21.0,0.13480618691505364,0.5955848689665522
2231,01_18_A0118138170000400039z,0.6666666666666666,0.11890260541231835,24.0,12.0,0.03564870010852217,0.5249864805739817
2232,01_18_A0118138170000400045z,0.8333333333333334,0.1314112003129616,15.0,7.0,0.03206877854362385,0.5110047135729043
2233,01_18_A0118138170001200033z,0.5,0.12582423805430454,23.0,14.0,1.4150686648649875,0.5007857407120825
2234,01_18_A0118138170001200036z,0.5,0.24128838700059635,23.0,14.0,1.4152767869012486,0.6607388334235862
2235,01_18_A0118138170001200043z,0.5,0.2834848550747079,32.0,16.0,1.0012068012273545,0.6893606435312435
2236,01_18_A0118138170001200049z,0.8333333333333334,0.1850920034422941,17.0,10.0,0.06297538737826036,0.4300021772692501
2237,01_18_A0118138170001200057z,0.8333333333333334,0.3583907762104065,31.0,11.0,0.1058773061832895,0.7837471867126655
2238,01_18_A0118138170001300022z,0.3333333333333333,0.3160983319714885,28.0,16.0,2.00129585910394,0.7804535222317992
2239,01_18_A0118138170001300032C,0.5,0.22940136256143584,33.0,16.0,1.4147530398894554,0.7031106473789784
2240,01_18_A0118138170002300066z,0.6666666666666666,0.2836889462524416,40.0,20.0,0.12279772255866593,0.7582457488103042
2241,01_18_A0118138170002700034B,0.6666666666666666,0.5092951553628373,21.0,11.0,1.4214410782134703,0.9653628886612704
2242,01_18_A0118138170002700034D,0.6666666666666666,0.34960743390975946,29.0,12.0,1.0089246646965515,0.8958254692000772
2243,01_18_A0118138190000300050z,0.8333333333333334,0.6004196361590397,35.0,10.0,0.08223860755114573,0.8464146409570971
2244,01_18_A0118138190000400049z,0.6666666666666666,0.08121984393915804,32.0,19.0,1.0069235576980358,0.7932747789073151
2245,01_18_A0118138190000400051z,0.5,0.15212561270973854,26.0,13.0,1.4153443679344058,0.7444089670199368
2246,01_18_A0118138200000100043z,1.0,0.1374334915719988,20.0,4.0,0.031753647230859716,0.6942875487185411
2247,01_18_A0118138200000100049z,0.6666666666666666,0.17770472041787516,39.0,16.0,0.10086572983446196,0.6332250101664524
2248,01_18_A0118138200000100056z,0.6666666666666666,0.2448931398059305,48.0,21.0,0.10631221699632712,0.7711857939444897
2249,01_18_A0118138200000100068z,0.3333333333333333,0.3543022668761554,51.0,25.0,0.1322207392914125,0.7554200728742874
2250,01_18_A0118138200000300032z,0.5,0.2536107482812909,23.0,15.0,1.4143986816047969,0.5720324705675277
2251,01_18_A0118138200000400018z,0.5,0.3190343362531615,28.0,17.0,1.734267952542948,0.9504962228193548
2252,01_18_A0118138200000500044z,0.8333333333333334,0.28097554154958515,30.0,13.0,0.10047836464499003,0.8565882204287961
2253,01_18_A0118138200000700033z,0.5,0.40447225983996415,31.0,13.0,1.0020479437425291,0.8067396668494148
2254,01_18_A0118138200001000032z,0.5,0.10550342256987566,44.0,18.0,1.001999626556157,0.8399391440657501
2255,01_18_A0118138200001200033z,0.5,0.267470826804724,34.0,13.0,1.4160932399161368,0.8508719142492817
2256,01_18_a0118138200001500034B,0.6666666666666666,0.12520208817481154,25.0,10.0,1.0005832023872507,0.5937783463967643
2257,01_18_A0118138200001700023z,0.6666666666666666,0.2621685727063634,29.0,14.0,1.0034683270741631,0.8315286815165616
2258,01_18_a0118138210000600033z,0.6666666666666666,0.3118716135679408,23.0,8.0,1.4169879587961884,0.7226276053033517
2259,01_18_a0118138210000700033A2,0.6666666666666666,0.2556728115231022,23.0,8.0,1.4155702627150204,0.7073371728399084
2260,01_18_a0118138210001400032D,0.6666666666666666,0.26238173416227073,28.0,14.0,1.002584239890145,0.7895120921489648
2261,01_18_a0118138220000400034z,0.3333333333333333,0.3461356293566097,25.0,10.0,1.7325777653849852,0.7385775886073863
2262,01_18_A0118138220000400035z,0.16666666666666666,0.3340579736280224,45.0,21.0,1.4178282059464593,0.8364251383864022
2263,01_18_a0118138220000400036z,0.5,0.2505020582745037,26.0,12.0,1.4205919416398145,0.665802956509635
2264,01_18_A0118138220000500026z,0.3333333333333333,0.4454345772349759,40.0,22.0,1.4201025008495465,0.92814339126698
2265,01_18_A0118138220000500032z,0.5,0.0976659024793941,30.0,17.0,1.4143825386559936,0.5618013379517353
2266,01_18_A0118138220000500043z,0.6666666666666666,0.23627571556350624,39.0,16.0,0.05615464404621304,0.5601398055991939
2267,01_18_A0118138220000900027z,0.5,0.4400295855325465,37.0,20.0,1.4177403311665957,0.9318160173118084
2268,01_18_A0118138220000900032z,0.8333333333333334,0.38221060414289343,26.0,5.0,1.0041987868070053,0.8817374990994936
2269,01_18_A0118138220002400033z,0.6666666666666666,0.4511517486213574,26.0,18.0,1.0106653955957847,1.008292724750868
2270,01_18_A0118138220002400064C,0.5,0.3037909009855011,31.0,17.0,1.733655812753944,0.9165456736408988
2271,01_18_A0118138220002800026z,0.5,0.251592530159167,30.0,15.0,1.4149163043794628,0.7026604163608501
2272,01_18_A0118138220002800050B,0.8333333333333334,0.4068838236716144,27.0,11.0,0.08290789983297163,0.8097514771353845
2273,01_18_A0118138220003000024z,0.6666666666666666,0.2482987418792957,23.0,8.0,1.4169709185051358,0.7199892120594239
2274,01_18_A0118138240000200028z,0.5,0.4419811540600894,23.0,15.0,1.7327203104674973,0.6818730295240132
2275,01_18_A0118138240000200033z,0.8333333333333334,0.265444733622197,23.0,13.0,1.0169121255973241,0.7946890732279326
2276,01_18_A0118138240000200039z,0.6666666666666666,0.275491401838016,21.0,14.0,1.002729021321665,0.6495640053532933
2277,01_18_A0118138240000200046z,0.5,0.2452242614248038,27.0,16.0,1.0029192832582856,0.6056500360201246
2278,01_18_A0118138240000200056z,0.6666666666666666,0.16636426792490255,29.0,9.0,0.11607925053158134,0.5295515544094516
2279,01_18_A0118138240000600033z,0.5,0.3268238713012112,21.0,15.0,1.734006502214199,0.7543030652317971
2280,01_18_A0118138240001400033z,0.8333333333333334,0.2575110343554525,23.0,13.0,1.016875662167196,0.7951525210806563
2281,01_18_A0118138240001400039z,0.6666666666666666,0.27583615512394577,21.0,14.0,1.0025317515477647,0.6581452414718502
2282,01_18_A0118138240001400046z,0.5,0.2492346788464436,27.0,16.0,1.0025571733369751,0.6199778203116669
2283,01_18_a0118138240001600060z,0.3333333333333333,0.8600507591175132,28.0,16.0,1.7399524086919085,0.926691070187164
2284,01_18_A0118138240002000064A,0.5,0.6589829750136781,45.0,24.0,0.15613358869329275,0.941828966635306
2285,01_18_a0118138240002900045A,0.6666666666666666,0.3092237577321809,25.0,14.0,1.4170349131474582,0.7730161948678119
2286,01_18_a0118138240002900051z,0.5,0.596113476887548,30.0,15.0,1.4191604001565108,1.1014326339169436
2287,01_18_a0118138240002900052B,0.5,0.7116511572596194,30.0,15.0,1.4197151215143458,1.101945186611848
2288,01_19_A0119158050000100020z,0.5,0.4380048221917483,33.0,18.0,1.7341599779524957,0.9136442233202764
2289,01_19_A0119158050000100027z,0.5,0.6034102494618113,30.0,18.0,1.7358743872549265,0.9909121245361489
2290,01_19_A0119158050000100030z,0.5,0.415663621168226,31.0,15.0,1.4171685667295533,0.9168247215954334
2291,01_19_A0119158050000100035z,0.5,0.25197062607804765,27.0,16.0,1.4159148511163329,0.8181505253053202
2292,01_19_A0119158050000200027z,0.5,0.5642499920908375,34.0,18.0,1.419113709257406,0.9338175414727156
2293,01_19_A0119158050000200030z,0.16666666666666666,0.496094446681331,48.0,30.0,1.4179980912539245,0.9728765719557124
2294,01_19_A0119158050000200035z,0.3333333333333333,0.2934185727063634,47.0,34.0,1.4190527560408537,0.7605531592123829
2295,01_19_A0119158050000200045z,0.6666666666666666,0.14787735218589715,45.0,26.0,0.05860646778114208,0.5438505148886417
2296,01_19_A0119158050000200055z,0.5,0.36120253055179663,48.0,28.0,0.08281532651125753,0.7666837845453904
2297,01_19_A0119158050000400027z,0.6666666666666666,0.4841143322782037,25.0,14.0,1.416755662065362,0.8552370465440441
2298,01_19_A0119158050000400030z,0.5,0.365474681971775,33.0,17.0,1.4155795830991251,0.9099601890391366
2299,01_19_A0119158050000400045z,0.8333333333333334,0.2864579509846725,19.0,10.0,0.05673668165492993,0.5894137966573109
2300,01_19_A0119158050000400055z,0.6666666666666666,0.27142207632299986,29.0,12.0,0.09637750499798683,0.7634184635908902
2301,01_19_A0119158050000500020z,0.6666666666666666,0.4928354823273546,27.0,14.0,1.4187578093372224,0.9018875390926384
2302,01_19_A0119158050000500027z,0.6666666666666666,0.4604645061239783,28.0,14.0,1.4169121231117416,0.8144197092851494
2303,01_19_A0119158050000500035z,0.5,0.3205848490529676,28.0,13.0,1.4162056377250376,0.7404018911648929
2304,01_19_A0119158050000600020A,0.6666666666666666,0.44013246487480095,29.0,14.0,1.4158568676378709,0.8270248391042695
2305,01_19_A0119158050000600035A,0.5,0.4234676169719569,29.0,12.0,1.4174533619895904,0.8030515119915856
2306,01_19_A0119158050000800034z,0.5,0.13460786514150302,34.0,13.0,1.0008323026261834,0.5730470863233608
2307,01_19_A0119158050001000020z,0.6666666666666666,0.37494238223017295,27.0,14.0,1.4160848082073114,0.7504970125742007
2308,01_19_A0119158050001000035z,0.16666666666666666,0.31489979418758485,54.0,31.0,1.4153651519402832,0.7170371400184868
2309,01_19_A0119158050001000045z,0.5,0.4171103674622404,53.0,26.0,0.08989792190197203,0.7652629530586013
2310,01_19_A0119158050001000055z,0.5,0.3767881435173968,62.0,35.0,0.12900159820028706,0.8911226571717151
2311,01_19_a0119158050001200035N,0.5,0.39546394442648,34.0,12.0,1.4162644256473962,0.8897527233946845
2312,01_19_a0119158050001200035S,0.5,0.4411973886901213,31.0,13.0,1.4170991541632143,0.8507854047277784
2313,01_19_A0119158050001400027z,0.5,0.4870045785372672,32.0,18.0,1.7334821721450402,0.9162028380107309
2314,01_19_A0119158050001400035z,0.16666666666666666,0.29025628400898185,30.0,28.0,1.7329343429042998,0.6216121792002018
2315,01_19_A0119158050001400045z,0.8333333333333334,0.2295396769413768,22.0,10.0,0.0532978396442186,0.6911592597497265
2316,01_19_A0119158050001500027z,0.3333333333333333,0.5114877362124738,30.0,17.0,2.001148690318729,0.77357087069924
2317,01_19_A0119158050001500033z,0.5,0.18895160948253426,27.0,15.0,1.4146376029004553,0.6748983311689533
2318,01_19_A0119158050001600036z,0.6666666666666666,0.27569858350191434,26.0,10.0,1.4152363003738244,0.7229413815405675
2319,01_19_A0119158050002000027z,0.3333333333333333,0.4137493191057405,32.0,15.0,1.7332879438873383,0.7899812583597786
2320,01_19_A0119158050003300026a,0.5,0.4893074319814167,26.0,13.0,1.7336162286157464,0.7502135236605516
2321,01_19_A0119158050003300026b,0.5,0.4125842555084098,29.0,15.0,1.73398024124162,0.8151857461472358
2322,01_19_A0119158050003300035z,0.6666666666666666,0.4257789206917114,34.0,11.0,1.00257799983509,0.905776800476604
2323,01_19_A0119158050003400043z,0.5,0.0841784402288982,24.0,10.0,1.0057158462345457,0.6568995419322636
2324,01_19_A0119158050003500025z,0.6666666666666666,0.5081790388263461,22.0,10.0,1.4200612935182455,0.8711368667684336
2325,01_19_a0119158050005000032z,0.6666666666666666,0.1734417107716687,24.0,12.0,1.0009996284604294,0.5161784177733434
2326,01_19_A0119158050005000034B,0.6666666666666666,0.08485771263264086,27.0,12.0,1.0010871897977067,0.6176395591632163
2327,01_19_A0119158050005100033z,0.5,0.2254299894457702,25.0,14.0,1.415587932121173,0.6878948670014252
2328,01_19_a0119158050005200033z,0.5,0.24932558514196115,27.0,15.0,1.4153428128607737,0.7104366195657992
2329,01_19_a0119158050005500032z,0.5,0.3471190890574821,34.0,11.0,1.0035964275595932,0.7968042439099869
2330,01_19_A0119158050005700033a,0.5,0.19963626265790932,23.0,15.0,1.4145728285901316,0.6711610975202639
2331,01_19_a0119158050005700033B,0.6666666666666666,0.07902413992782326,31.0,10.0,1.0020335296738088,0.7047900419791969
2332,01_19_A0119158050005700038z,0.5,0.1995553157440444,25.0,15.0,1.4146847214799376,0.6696674023620189
2333,01_19_A0119158050005800024z,0.3333333333333333,0.04733255392940322,26.0,15.0,1.7326569880322922,0.6058403748561764
2334,01_19_A0119158050005800034z,0.5,0.23483914930135866,27.0,15.0,1.4144202845440381,0.6464809625072836
2335,01_19_A0119158050006000022z,0.3333333333333333,0.5276559904995676,37.0,17.0,1.734287886097892,0.8930038092715141
2336,01_19_A0119158050006000031z,0.5,0.4209722854843506,39.0,15.0,1.415438959057703,0.8811511298951832
2337,01_19_A0119158050006700063z,0.5,0.4409551406281057,30.0,13.0,1.00354516537311,0.7631084766940367
2338,01_19_A0119158050006800024z,0.5,0.263344972320263,29.0,13.0,1.4152628550572923,0.6652584616570618
2339,01_19_A0119158050006800032A,0.5,0.2505461840398635,25.0,13.0,1.414910002284913,0.7021783393230039
2340,01_19_a0119158050007100026z,0.3333333333333333,0.5117194466813311,30.0,17.0,2.0011985288089345,0.7752224425496753
2341,01_19_a0119158050007100034z,0.5,0.1884129270324718,27.0,15.0,1.4145942717506714,0.6744409445113639
2342,01_19_A0119158050007800026z,0.5,0.15023286514150302,33.0,15.0,1.4153313236626772,0.6031184902774924
2343,01_19_A0119158050007800032z,0.5,0.17394158605182894,33.0,13.0,1.4147715830055856,0.6756525869717619
2344,01_19_A0119158050007800045z,0.8333333333333334,0.4476727743870357,32.0,9.0,0.11686249877858902,0.7635290603902103
2345,01_19_A0119158050008100032B,0.5,0.18449183466001545,22.0,10.0,1.4150267679864383,0.6898536481089476
2346,01_19_A0119158050008100038z,0.6666666666666666,0.12002636256143585,14.0,8.0,1.0013392305332731,0.427976772203054
2347,01_19_A0119158050008100044z,0.6666666666666666,0.224347286140047,11.0,8.0,1.0003701075245304,0.4052150834089879
2348,01_19_A0119158050008100049z,0.6666666666666666,0.2208614573746816,11.0,8.0,1.000226281065161,0.40335658004217545
2349,01_19_A0119158050008600031z,0.5,0.08158746011216944,28.0,14.0,1.4143597565392119,0.6003409569793147
2350,01_19_A0119158050010400056z,0.6666666666666666,0.3696824057043513,33.0,20.0,1.0047838072587838,0.9775934333304231
2351,01_19_A0119158050010700031z,0.6666666666666666,0.5092391060648255,34.0,11.0,1.0058170621270597,0.9004389303881609
2352,01_19_A0119158050011500032z,0.5,0.2869228115231022,32.0,13.0,1.4163825259192566,0.7172929328338734
2353,01_19_A0119158050011500056z,0.6666666666666666,0.4235095963420951,29.0,18.0,1.0017902922167543,0.6921571974939855
2354,01_19_a0119158050012700032A,0.6666666666666666,0.4550257155635062,35.0,10.0,1.0009502230648926,0.7135383759586287
2355,01_19_a0119158050013000032E,0.8333333333333334,0.16496163992782326,16.0,12.0,1.0046097972260863,0.7867065157772322
2356,01_19_a0119158050013200031z,0.6666666666666666,0.37123245780694303,25.0,14.0,1.4158806203297063,0.8965387921826907
2357,01_19_A0119158070000100028z,0.5,0.4975763654106011,32.0,15.0,1.4159805197839306,0.9495993555404079
2358,01_19_A0119158070000100032z,0.6666666666666666,0.4318913872052973,32.0,11.0,1.0031614691026445,0.9146728260938888
2359,01_19_A0119158070000100038z,0.6666666666666666,0.220741734980982,27.0,13.0,1.0004259252513343,0.5434013609886434
2360,01_19_A0119158070000100042z,0.8333333333333334,0.22506076229247815,25.0,14.0,0.031718614010023245,0.526445432256731
2361,01_19_A0119158070000300020z,0.6666666666666666,0.3958198751076658,28.0,14.0,1.4162323378567947,0.7945157374216527
2362,01_19_A0119158070000400020z,0.5,0.3859840488968396,26.0,18.0,1.7330987886102731,0.8022972520708359
2363,01_19_A0119158070000400027A,0.6666666666666666,0.4000702406294693,21.0,11.0,1.4154211610619245,0.7207066792466271
2364,01_19_a0119158070000400038A,0.5,0.2573283471424536,19.0,11.0,1.4146275690282066,0.7164685376864887
2365,01_19_A0119158070000400055A,0.5,0.6004303531556439,34.0,13.0,0.07170698957216523,0.7630169068496153
2366,01_19_A0119158070000400055C,0.6666666666666666,0.43698989769807706,32.0,15.0,0.06776296513488092,0.5383179700448423
2367,01_19_A0119158070000500020z,0.6666666666666666,0.4156952406294693,26.0,15.0,1.4156931281009282,0.8385284021899674
2368,01_19_A0119158070000500027z,0.3333333333333333,0.4812899605777513,29.0,14.0,1.7355205739738884,0.9275259796571425
2369,01_19_A0119158070000600020z,0.5,0.37730867900998144,26.0,18.0,1.7331319712602036,0.7887271123765763
2370,01_19_A0119158070000600027A,0.6666666666666666,0.17099868130226425,22.0,10.0,1.4149535840793208,0.7394791169793391
2371,01_19_a0119158070000800027z,0.3333333333333333,0.4578500595868299,26.0,16.0,2.0011793288521225,0.9062796826522308
2372,01_19_a0119158070000800042z,0.6666666666666666,0.16863932053588193,12.0,8.0,1.0003755571528965,0.4219933246536059
2373,01_19_A0119158070000900024z,0.5,0.4934269694820015,32.0,15.0,1.4174295845193838,0.998315541056744
2374,01_19_A0119158070000900025z,0.3333333333333333,0.5211054369257353,29.0,16.0,2.0014033028833955,0.8262749504582326
2375,01_19_A0119158070000900032z,0.6666666666666666,0.386843897381688,34.0,11.0,1.0024133915368107,0.8913351267448262
2376,01_19_A0119158070001000020z,0.6666666666666666,0.4176090488968396,26.0,14.0,1.4158364238956669,0.7714203645801319
2377,01_19_A0119158070001000055z,0.3333333333333333,0.2844320367480165,44.0,23.0,0.1166940305949299,0.5413733233136839
2378,01_19_A0119158070001200033z,0.5,0.4067548221917483,33.0,10.0,1.4167305373032255,0.9028611999568869
2379,01_19_A0119158070001200044z,0.8333333333333334,0.16255817483030865,16.0,7.0,0.03637959356620745,0.683644935968346
2380,01_19_A0119158070001400020z,0.3333333333333333,0.4457995250873158,35.0,20.0,1.7347248221869624,0.9280500157166126
2381,01_19_A0119158070001600033z,0.8333333333333334,0.39002310414289343,25.0,7.0,1.0018193603208083,0.8696699237313877
2382,01_19_A0119158070001800035z,0.6666666666666666,0.21716349833046086,26.0,12.0,1.0003078772886234,0.5002267929572733
2383,01_19_A0119158070001900039z,0.6666666666666666,0.4268103230015228,23.0,13.0,1.4154369320913438,0.7715125703874961
2384,01_19_A0119158070003200033z,0.6666666666666666,0.17121813506261185,31.0,11.0,1.0003640493816903,0.6352904168498716
2385,01_19_A0119158070003700042z,0.8333333333333334,0.5088152270577592,26.0,9.0,0.07237683114099057,0.7866775268603258
2386,01_19_A0119158070003800021z,0.5,0.5537360330238237,26.0,16.0,1.734344707491753,0.9232558966445966
2387,01_19_A0119158070003800025z,0.3333333333333333,0.5142213348988537,29.0,16.0,2.0011739508221438,0.8098287401461411
2388,01_19_A0119158070003900044z,0.6666666666666666,0.3484155749101487,20.0,10.0,0.032008682869826575,0.4201808961262296
2389,01_19_A0119158070004300020z,0.5,0.4056639197888584,32.0,15.0,1.4160147484336922,0.8708347716186227
2390,01_19_a0119158070005200021B,0.3333333333333333,0.262193642129381,28.0,18.0,2.0001810076325484,0.7279794774597323
2391,01_19_a0119158070005200021D,0.3333333333333333,0.3174038492682416,30.0,18.0,2.0011854145881536,0.7953437161491191
2392,01_19_a0119158070005200021E,0.3333333333333333,0.4033775432397464,31.0,18.0,2.0013778066842343,0.7576349837182159
2393,01_19_A0119158070005200021z,0.3333333333333333,0.5434857469114687,33.0,18.0,2.001846429341564,0.8750094248059053
2394,01_19_a0119158070005300034z,0.5,0.22489198701476265,22.0,15.0,1.4149175824247842,0.693614611838616
2395,01_19_a0119158070005600020z,0.3333333333333333,0.41417328968749545,31.0,16.0,1.7331575023944643,0.8548647098848005
2396,01_19_a0119158070005700031B,0.6666666666666666,0.2915727013791091,44.0,17.0,1.0010784977719769,0.7942513221771754
2397,01_19_A0119158070006100033A,0.5,0.2005911257630628,27.0,10.0,1.4158203050646925,0.6720757656255848
2398,01_19_A0119158070006200021z,0.3333333333333333,0.484009854536316,34.0,19.0,2.0021117733071416,0.8929747120219749
2399,01_19_A0119158070006200025A,0.5,0.3634029745996508,28.0,13.0,1.4150020749658156,0.8202469221125231
2400,01_19_a0119158070006200025b,0.3333333333333333,0.2680861391210062,23.0,16.0,2.0006895066945023,0.7008011685200838
2401,01_19_a0119158070006200025c,0.5,0.23421672023640344,25.0,13.0,1.7334090059259566,0.7835218854848879
2402,01_19_a0119158070006300025a,0.3333333333333333,0.16016189953778287,29.0,16.0,1.732368461440794,0.5801120722626885
2403,01_19_a0119158070006300025b,0.3333333333333333,0.2670290154197962,23.0,16.0,2.000657056254161,0.7044285142640451
2404,01_19_a0119158070006300025c,0.5,0.23390695379326146,25.0,13.0,1.7334009856760244,0.7894471364371399
2405,01_19_a0119158070006300032a,0.5,0.25789591142062074,23.0,15.0,1.4144713414699916,0.6752632173667744
2406,01_19_a0119158070006600032z,0.5,0.157669946332737,30.0,13.0,1.4155729987691374,0.6717159631058881
2407,01_19_A0119158070006800021A,0.5,0.4542689491817399,29.0,17.0,1.734199040170051,0.8999891305347919
2408,01_19_a0119158070006800021b,0.5,0.313919946332737,22.0,17.0,1.7328966970013455,0.7334415946883087
2409,01_19_A0119158070006800025z,0.3333333333333333,0.4448912341393576,29.0,16.0,1.7341656367547729,0.9649512788399319
2410,01_19_A0119158070007200032A,0.5,0.12634157043428154,34.0,13.0,1.4147880697711581,0.6880462115783331
2411,01_19_A0119158070007200032B,0.5,0.13389908730699324,34.0,13.0,1.4147947273303505,0.6842388754308051
2412,01_19_A0119158070007800031z,0.5,0.4723661093582556,35.0,12.0,1.4157409712800808,0.8533271716506688
2413,01_19_A0119158070007800042z,0.6666666666666666,0.11559536999115205,34.0,18.0,0.15593463650228362,0.7305861797001267
2414,01_19_A0119158070007900041z,0.6666666666666666,0.1806004270324718,30.0,16.0,1.009253114918387,0.7616179263818277
2415,01_19_A0119158070008700032z,0.5,0.44857094348373416,32.0,10.0,1.41651565355029,0.9355079882051662
2416,01_19_A0119158070009700023z,0.5,0.4457230929477024,31.0,14.0,1.4157568789437174,0.9068015090766652
2417,01_19_A0119158070010000023z,0.5,0.4691115364590286,29.0,13.0,1.416923642967567,0.9332938906117396
2418,01_19_A0119158070010000032z,0.6666666666666666,0.42495496084652506,26.0,10.0,1.4167719421027862,0.8881249550215455
2419,01_19_a0119158070010400033A,0.3333333333333333,0.44871350830355305,36.0,13.0,1.4155844593230618,0.7269578045272539
2420,01_19_a0119158070010400033B,0.3333333333333333,0.509601926389717,34.0,13.0,1.4174289000776201,0.8070605162430319
2421,01_19_a0119158070010400043z,0.5,0.2561112418792957,55.0,27.0,1.0015599480618331,0.7690539649023084
2422,01_19_a0119158070010700023z,0.8333333333333334,0.1445409024793941,19.0,5.0,1.0032563573271205,0.7442966399729275
2423,01_19_a0119158070010700032z,0.5,0.2568270690666909,34.0,13.0,1.0024031698672349,0.7343117066129237
2424,01_19_a0119158070011600033B,0.3333333333333333,0.469318351222421,41.0,16.0,1.416439636104157,0.8010855125431564
2425,01_19_a0119158070011600042z,0.3333333333333333,0.3098271107799071,60.0,29.0,1.0027357471955305,0.8012310209039016
2426,01_19_A0119158090000400018z,0.3333333333333333,0.32283608002819875,39.0,22.0,1.7379533702862395,0.8142783263444701
2427,01_19_A0119158090000400022z,0.3333333333333333,0.20971025066787055,32.0,16.0,1.7341327590460431,0.7190883530184891
2428,01_19_A0119158090000400025z,0.3333333333333333,0.3175398239156507,30.0,14.0,1.7330133519436142,0.8225949012824371
2429,01_19_A0119158090002400025z,0.6666666666666666,0.4811736747471798,26.0,11.0,1.4186542295926559,0.8994552369502266
2430,01_19_A0119158090002400032z,0.6666666666666666,0.3553824153153673,24.0,12.0,1.415260761731217,0.7665803102503704
2431,01_19_A0119158090003400011z,0.3333333333333333,0.3666015300998471,41.0,24.0,2.0056652576118386,1.074904346335378
2432,01_19_a0119158090004200022z,0.3333333333333333,0.2254299894457702,25.0,16.0,2.0001962646079305,0.6719534853836354
2433,01_19_A0119158090004700024z,0.5,0.46360274155739,29.0,12.0,1.416674624940898,0.957270727546598
2434,01_19_A0119158090004700030z,0.5,0.4336383042159885,29.0,12.0,1.4149554185440112,0.690157526241054
2435,01_19_A0119158090004700032z,0.5,0.4519052709570922,29.0,12.0,1.416348640835435,0.9200071425027428
2436,01_19_A0119158090004800022z,0.5,0.5149134864613389,29.0,12.0,1.4156023983523411,0.9494810098491904
2437,01_19_A0119158090005500033z,0.5,0.40183850830355305,30.0,13.0,1.4163371966807683,0.7058930187523581
2438,01_19_A0119158090006600031A,0.5,0.3874861028874499,29.0,15.0,1.4158111155380555,0.8796495990170315
2439,01_19_A0119158090006800028z,0.6666666666666666,0.567469134783562,28.0,11.0,1.0043759506009646,0.8115588852794349
2440,01_19_A0119158090006800031z,0.5,0.4344125595868299,27.0,12.0,1.4159705343967806,0.9006971518869549
2441,01_19_A0119158090007600022z,0.5,0.483372096466997,38.0,15.0,1.4153048578699912,0.8523842880445072
2442,01_19_A0119158090007600032z,0.6666666666666666,0.1817917476276345,38.0,14.0,1.0051157824849688,0.5827667376949291
2443,01_19_A0119158090007600034z,0.6666666666666666,0.4502117468950989,34.0,16.0,1.0054760818911916,0.8015891859769014
2444,01_19_A0119158090008000031A,0.5,0.4171542685350824,40.0,11.0,1.0016137749065357,0.8871165601358365
2445,01_19_a0119158090011500030z,0.5,0.2615898711265113,23.0,14.0,1.4146166677305907,0.6885233284466891
2446,01_19_a0119158090011500032z,0.6666666666666666,0.29248922405607525,28.0,12.0,1.0058356397794117,0.6837520589829481
2447,01_19_a0119158090011600023A,0.5,0.3615692084078712,32.0,15.0,1.4149851613249609,0.7512964852268583
2448,01_19_a0119158090011600032B,0.5,0.408303901838016,31.0,16.0,1.4155662546886627,0.7805051535719917
2449,01_19_a0119158090013300028z,0.5,0.1976693902565996,31.0,13.0,1.414794281278826,0.6679620793337739
2450,01_19_a0119158090013500025z,0.5,0.4462215359969428,40.0,14.0,1.4177965168740745,0.8732951802859149
2451,01_19_a0119158090013500031z,0.5,0.13182706906669095,43.0,16.0,1.4155269019064392,0.6808080036183555
2452,01_19_A0119158094000100023z,0.5,0.2163908471424536,26.0,12.0,1.4151933916073385,0.6912100082920992
2453,01_20_a0120150010000300050z,0.6666666666666666,0.30588128400898185,46.0,18.0,0.10949108527511144,0.7330196780332321
2454,01_20_a0120150010000300060z,0.3333333333333333,0.29660054154958515,67.0,33.0,0.10964097676686416,0.7436172151655129
2455,01_20_A0120150010001700031z,0.3333333333333333,0.3339405507283414,38.0,19.0,1.420509151640893,0.6591278458710332
2456,01_20_A0120150010001700050z,0.3333333333333333,0.19068726090956836,50.0,26.0,0.11797520170566556,0.759745296910646
2457,01_20_A0120150010001700065z,0.3333333333333333,0.4157910392549663,70.0,32.0,0.09168197549069583,0.7793872474582129
2458,01_20_A0120150010002500054z,0.5,0.3770497278250866,58.0,27.0,1.0053127612233883,0.9808438801753296
2459,01_20_A0120150010003200057B,0.5,0.5829635637529212,30.0,15.0,1.417694144346818,0.883698720154895
2460,01_20_A0120150010003300046A,0.5,0.3657925785185384,37.0,19.0,1.4152275159603414,1.0084842827529166
2461,01_20_A0120150010003300061A,0.5,0.27466196271612586,35.0,22.0,1.4175545505213716,0.9325370374081388
2462,01_20_A0120150010003400051z,0.5,0.4728954338733654,28.0,15.0,1.4172937658857263,1.0393398663729685
2463,01_20_A0120150010003400063z,0.3333333333333333,0.7934881680349891,60.0,30.0,1.4214320889934826,1.1690310063426153
2464,01_20_a0120150020000200032z,0.6666666666666666,0.3671081880152969,35.0,9.0,1.0029477003639498,0.8899131661225602
2465,01_20_a0120150020000200042z,0.6666666666666666,0.2819938371357183,13.0,10.0,1.0001605844199224,0.39021128681052497
2466,01_20_A0120150020000300026z,0.3333333333333333,0.5012477304888794,30.0,17.0,2.0010630636663174,0.7972694271379837
2467,01_20_a0120150020000800025z,0.16666666666666666,0.3696224035976943,45.0,27.0,1.7346836325901425,0.9382678563020213
2468,01_20_a0120150020000800030z,0.5,0.15520559705334824,26.0,12.0,1.4150172711423892,0.4834058172709271
2469,01_20_a0120150020000800035a,0.6666666666666666,0.3351601718282816,30.0,11.0,1.0025831490255517,0.6898220547733697
2470,01_20_A0120150020001300024z,0.3333333333333333,0.428199131056464,31.0,17.0,1.7339737010066163,0.9475496056698856
2471,01_20_A0120150020001300032z,0.5,0.2935436540600894,30.0,11.0,1.4158545742433208,0.8406508415779683
2472,01_20_A0120150020001300047z,0.8333333333333334,0.20993459646699694,38.0,18.0,0.06950599419492258,0.7873636570356619
2473,01_20_A0120150020001300058z,0.6666666666666666,0.323733896828713,55.0,21.0,0.11352350670297948,0.75067585550635
2474,01_20_A0120150020002300030z,0.5,0.423664426389717,30.0,13.0,1.4161111401139437,0.9066553504972532
2475,01_20_A0120150040001600035z,0.5,0.07410929824864848,24.0,14.0,1.4144550170671772,0.4851198618793939
2476,01_20_A0120150040001700027z,0.3333333333333333,0.39648243390975946,28.0,16.0,2.000611170804868,0.7628676105306819
2477,01_20_A0120150040001700034z,0.6666666666666666,0.40558281862757306,34.0,11.0,1.0025052810153845,0.9092333958044028
2478,01_20_A0120150040001800026z,0.5,0.4958627362124738,27.0,13.0,1.7344780770321797,0.8467099143906759
2479,01_20_A0120150040002500026z,0.3333333333333333,0.508112489263812,30.0,17.0,1.7373320760954545,0.8905796720287714
2480,01_20_A0120150040002500032z,0.6666666666666666,0.40357391038639456,30.0,9.0,1.0082297084653011,0.908541215765514
2481,01_20_A0120150040002600024z,0.3333333333333333,0.43034579642604,31.0,12.0,1.7357935123004589,0.8123874859774497
2482,01_20_A0120150040002600027z,0.6666666666666666,0.4468867879869046,27.0,8.0,1.4187366917054478,0.9087432077016152
2483,01_20_A0120150040002700024z,0.3333333333333333,0.2545518821274351,29.0,16.0,1.732324394526081,0.7561552865252215
2484,01_20_A0120150040002700032A,0.5,0.22714552721106024,25.0,15.0,1.4157022478591093,0.6793914044325954
2485,01_20_A0120150040002700032B,0.5,0.24096300451015856,25.0,15.0,1.414605802864383,0.6708916334752479
2486,01_20_A0120150040002700033z,0.6666666666666666,0.20081416746731384,31.0,12.0,1.0060968498718197,0.6914154138971138
2487,01_20_a0120150040003400031z,0.5,0.22421693106244467,26.0,13.0,1.0014709479126571,0.5062581840314444
2488,01_20_a0120150040003400035z,0.5,0.16793987219001227,28.0,15.0,1.0015391436379313,0.7244450722029141
2489,01_20_a0120150040003400041z,0.5,0.18229363317072966,32.0,15.0,0.0560296887244852,0.7399514099028597
2490,01_20_a0120150040003400049z,0.5,0.2766090488968396,33.0,17.0,0.09257696508026712,0.8211686901586719
2491,01_20_A0120150040003800033z,0.5,0.18649511784054607,24.0,15.0,1.4147638533033529,0.6381075821481589
2492,01_20_A0120150040004100030z,0.5,0.2458671529449104,28.0,12.0,1.4153603380330777,0.7281518151185241
2493,01_20_a0120150040005500034z,0.5,0.20502571556350624,26.0,17.0,1.4146029411424137,0.4534545869974285
2494,01_20_a0120150041000000021z,0.3333333333333333,0.3220544966018809,30.0,15.0,1.7342908952233096,0.8292004548559491
2495,01_20_a0120150041000000028A,0.3333333333333333,0.3962757155635063,27.0,15.0,1.7335663820572726,0.803182164556755
2496,01_20_A0120150044000100024a,0.5,0.2591497694453121,30.0,14.0,1.4146696307375384,0.5485591906673271
2497,01_20_A0120150044000100024b,0.5,0.5750379305472196,25.0,19.0,1.7338266232625068,0.9397486828936108
2498,01_20_A0120150044000100024c,0.3333333333333333,0.4349632155635063,29.0,15.0,2.0005728701570638,0.7257275374677992
2499,01_20_A0120150044000100024d,0.5,0.5163007591175132,25.0,15.0,1.7342102770540386,1.00647013992145
2500,01_20_A0120150044000100032z,0.5,0.4403690254226612,30.0,12.0,1.4157265304619262,0.9110027507848526
2501,01_20_A0120150044000100042z,0.6666666666666666,0.08136917350743145,18.0,6.0,1.000412486906082,0.6578170134182549
2502,01_20_A0120150045000100024z,0.5,0.2341000826521138,30.0,15.0,1.7348839073203268,0.8712978488917289
2503,01_20_A0120150045000100032z,0.5,0.3212442233154442,34.0,12.0,1.4154492796256868,0.8562368465675841
2504,01_20_A0120150045000100048z,0.8333333333333334,0.19360961195990264,16.0,8.0,0.07795596668345954,0.6874119246736293
2505,01_20_A0120150050000100025z,0.3333333333333333,0.4811736747471798,30.0,15.0,1.7338788212984686,0.9719115252259964
2506,01_20_A0120150050000100033z,0.6666666666666666,0.28449417350743145,28.0,12.0,1.0006740322242755,0.6722944257849328
2507,01_20_A0120150050000300025z,0.3333333333333333,0.5815525885276757,34.0,12.0,1.7363700362065533,1.014166784015267
2508,01_20_A0120150050000400021z,0.3333333333333333,0.5272973873901317,34.0,12.0,1.7364103449504942,0.9994840271591806
2509,01_20_a0120150050000400027z,0.16666666666666666,0.4156952406294693,39.0,17.0,1.7353729681083436,0.9002736431575132
2510,01_20_a0120150050000500034z,0.8333333333333334,0.5384456324433017,27.0,11.0,1.0059882587566669,0.8554407190699913
2511,01_20_A0120150050000600026z,0.5,0.5081790388263461,25.0,13.0,1.73411596558175,0.750900495273653
2512,01_20_A0120150050001900033z,0.5,0.3601855992844365,34.0,12.0,1.0023376071960521,0.8771548540752391
2513,01_20_A0120150051000100032z,0.5,0.365872516355063,37.0,12.0,1.0018701674472783,0.8777771762093493
2514,01_20_A0120150051000100042z,0.6666666666666666,0.09925166746731384,34.0,11.0,0.039664696925579536,0.6663127862332906
2515,01_20_A0120150070000100022z,0.3333333333333333,0.5513882557564322,35.0,15.0,1.734478837545363,0.971715710992424
2516,01_20_A0120150070000100028z,0.3333333333333333,0.5211054369257353,34.0,15.0,1.7342596155026417,0.8480978168784754
2517,01_20_A0120150070000100035z,0.3333333333333333,0.39648243390975946,25.0,13.0,1.7333325139107991,0.7307208077481225
2518,01_20_a0120150070003200034z,0.5,0.20132914498696552,32.0,13.0,1.4148802195355097,0.697125182868616
2519,01_20_A0120150080000200017z,0.5,0.7969451716304519,36.0,22.0,1.7434726107050325,1.3090347435094776
2520,01_20_A0120150080000200033z,0.6666666666666666,0.4100185316554603,34.0,9.0,1.0024722787136384,0.8408800483642568
2521,01_20_A0120150080000200048z,0.8333333333333334,0.25119378400898185,30.0,12.0,0.09731935453550124,0.7109982816063023
2522,01_20_A0120150080000300024z,0.3333333333333333,0.5434857469114687,29.0,15.0,1.7340143822629237,0.8186373010683895
2523,01_20_A0120150080000300033z,0.6666666666666666,0.3962757155635063,30.0,11.0,1.0016460120200117,0.8498262507174797
2524,01_20_a0120150090000100024z,0.5,0.4920371462419724,32.0,15.0,1.41697875214029,0.9716927352993362
2525,01_20_A0120150090001000047z,0.6666666666666666,0.27071960333905737,26.0,10.0,0.11928502352584207,0.6522263668816204
2526,01_20_A0120150090001000056z,0.6666666666666666,0.3452930348406147,28.0,13.0,0.15364771358540105,0.6250381411978495
2527,01_20_A0120150090001200034z,0.8333333333333334,0.5465115184355689,25.0,7.0,1.0046196006078338,0.8642150670852001
2528,01_20_a0120150090001900033z,0.5,0.2482290023129886,39.0,16.0,1.0028055192409624,0.7453519646852631
2529,01_20_A0120150094000100024z,0.5,0.4957964149204194,29.0,14.0,1.4170752035463108,0.9488299757668328
2530,01_20_A0120150094000100033z,0.6666666666666666,0.22165476325785652,22.0,14.0,1.0005786567024688,0.570182669406594
2531,01_20_A0120150096000100023z,0.5,0.4376220772349759,31.0,10.0,1.4174969000931292,0.9530538219137532
2532,01_20_A0120150096000300018z,0.5,0.3471190890574821,31.0,15.0,1.7359954239232065,0.8784816028455802
2533,01_20_A0120150100001000024z,0.6666666666666666,0.5803485461420186,39.0,12.0,1.0061279943895438,0.930599784102955
2534,01_20_A0120150100003500031A,0.5,0.2574831791234008,26.0,14.0,1.4144434852329997,0.5971853532573057
2535,01_20_A0120150104000100026z,0.5,0.4301923221917483,25.0,16.0,1.7333357173551924,0.736631685309933
2536,01_20_A0120150104000100043z,0.6666666666666666,0.38471321556350624,10.0,8.0,1.0005489850227982,0.4715852674954202
2537,01_21_A0121140010000600027z,0.3333333333333333,0.1934555928477087,31.0,19.0,2.000452477000424,0.6882731531254023
2538,01_21_A0121140010000600032b,0.6666666666666666,0.24038249174420434,15.0,8.0,1.415052616597007,0.6947144578738524
2539,01_21_A0121140010000600034z,0.5,0.41454869606489897,32.0,17.0,1.4156785716550548,0.9115495442795564
2540,01_21_A0121140010000900031z,0.6666666666666666,0.2119402270577592,32.0,13.0,1.0038586630591149,0.7016765254431291
2541,01_21_A0121140010000900042z,0.6666666666666666,0.3803619497407215,31.0,15.0,0.1357286930206259,0.8181924446699507
2542,01_21_a0121140011000100038z,0.6666666666666666,0.1581866351037361,43.0,19.0,1.0109335886662376,0.7434239573638581
2543,01_21_A0121140012000100034a,0.6666666666666666,0.2821891771019678,26.0,16.0,1.41601094920453,0.8092082047730059
2544,01_21_A0121140012000100035z,0.6666666666666666,0.2856060727063634,26.0,16.0,1.4160075886507195,0.8069446727582238
2545,01_21_A0121140012000100051z,0.6666666666666666,0.338108388474169,46.0,29.0,1.008161527252728,0.8899666920116561
2546,01_21_A0121140013000200034B,0.6666666666666666,0.3428534009855011,34.0,14.0,1.0044047488118852,0.808209233190646
2547,01_21_A0121140013000200034C,0.6666666666666666,0.2959784009855011,32.0,13.0,1.0044521117109722,0.823599936874861
2548,01_21_A0121140030000200025z,0.5,0.4461882520066549,29.0,13.0,1.7335669789715855,0.7947934751715856
2549,01_21_A0121140030000200033A,0.6666666666666666,0.15814762697793022,28.0,18.0,1.001603163514064,0.732780072042058
2550,01_21_A0121140030000200033B,0.6666666666666666,0.1304305603172536,26.0,13.0,1.0006198396542834,0.6922323441580629
2551,01_21_A0121140030000200040z,0.5,0.4626303441666104,33.0,15.0,1.0047088129918822,0.6136841179034084
2552,01_21_A0121140030000200043z,0.5,0.4633361551239458,37.0,15.0,1.005150144939088,0.6060977887268642
2553,01_21_A0121140030000500024A,0.3333333333333333,0.5128030467532169,27.0,16.0,1.7343466093282571,0.9682700067894668
2554,01_21_A0121140030000600018z,0.5,0.5081790388263461,29.0,15.0,1.7360665597552911,0.858800587881306
2555,01_21_A0121140030000600025z,0.5,0.28708415523868025,27.0,11.0,1.7346736363358333,0.8331911455833335
2556,01_21_a0121140030000700026z,0.3333333333333333,0.4869045855325465,31.0,20.0,1.7371753553363276,0.7530181628934427
2557,01_21_a0121140030000700043z,0.5,0.16063114212938098,27.0,10.0,1.0065464380464135,0.6629830028914707
2558,01_21_A0121140030001000049z,0.5,0.2596979269137998,74.0,37.0,0.06661699514645504,0.6678056295134678
2559,01_21_A0121140030001300032z,0.5,0.21624325629670374,44.0,22.0,0.10463425512787168,0.6358856429022951
2560,01_21_A0121140030001400025z,0.5,0.5142213348988537,29.0,12.0,1.417997711437638,0.8605647694523759
2561,01_21_A0121140030001400045z,0.8333333333333334,0.15815071556350624,16.0,7.0,0.030681755035766818,0.6569264548537006
2562,01_21_A0121140030001700027z,0.5,0.26787842436711795,29.0,16.0,1.4209314694833004,0.7315672918579049
2563,01_21_A0121140030001700032z,0.6666666666666666,0.34922431653674224,28.0,18.0,1.010571565318689,0.7179959996454333
2564,01_21_a0121140030001700037z,0.8333333333333334,0.3471327120506257,32.0,20.0,0.1891233851819374,0.800101875630562
2565,01_21_a0121140030002000025z,0.5,0.4414039206917114,29.0,13.0,1.7332902477867032,0.7829745804150992
2566,01_21_a0121140030002000028z,0.6666666666666666,0.3804303298885751,31.0,10.0,1.0032368264051583,0.8493234456896815
2567,01_21_a0121140030002000033A,0.5,0.19118478554509005,29.0,19.0,1.4150144470499773,0.7761263783372513
2568,01_21_a0121140030002000033B,0.5,0.2398055603172536,23.0,15.0,1.4149242119279333,0.6698072684540357
2569,01_21_a0121140030002000043z,0.5,0.4922840216637241,32.0,15.0,1.0043705941847818,0.4780531177665456
2570,01_21_a0121140030004000051z,0.8333333333333334,0.16066721921910246,28.0,13.0,0.11155056860842014,0.6651870975824232
2571,01_21_a0121140030004300050z,0.6666666666666666,0.17656211511203895,45.0,15.0,0.05828123393164712,0.5825700409148301
2572,01_21_a0121140030004300085z,0.16666666666666666,0.500804633473954,73.0,31.0,0.16148871238440474,0.8386068187899346
2573,01_21_a0121140030004600027z,0.3333333333333333,0.6710979328779939,33.0,19.0,1.7366647302459153,1.0604337915008395
2574,01_21_a0121140030004600065R,0.5,0.3281264361148847,42.0,18.0,0.1525379534987564,0.7658567213042777
2575,01_21_a0121140030004600067M,0.6666666666666666,0.33902075278434995,37.0,14.0,0.06528587914526601,0.8193228800061424
2576,01_21_a0121140030004600079L,0.3333333333333333,0.33659579642604,54.0,25.0,0.10780906295235886,0.8710700654328196
2577,01_21_A0121140030006300032A,0.5,0.25190071556350624,34.0,15.0,1.4149973282617812,0.6988965997416029
2578,01_21_A0121140030006300032B,0.5,0.17817131995911062,28.0,13.0,1.4154025991034118,0.7437860734034715
2579,01_21_a0121140040000100023z,0.5,0.3960553298885751,25.0,13.0,1.7337817275073684,0.7902174989862981
2580,01_21_a0121140040000100032z,0.6666666666666666,0.3824898147802164,34.0,9.0,1.0024065054482023,0.8576143097377837
2581,01_21_a0121140040000100043z,0.6666666666666666,0.14698788349519504,26.0,8.0,0.02764898711091441,0.6535835678737004
2582,01_21_a0121140060000100023z,0.3333333333333333,0.41714246084652506,29.0,17.0,1.7335327827064642,0.9140770819576064
2583,01_21_a0121140060000100032B1,0.5,0.15985454144583955,32.0,16.0,1.414542195246796,0.5169604482244837
2584,01_21_A0121140070000500024a,0.3333333333333333,0.4840633261829753,29.0,16.0,1.7343145544542822,0.9576917977884836
2585,01_21_a0121140070000500033A,0.5,0.4519052709570922,29.0,10.0,1.416337279859205,0.9477753542833374
2586,01_21_A0121140100000200022z,0.3333333333333333,0.18482235073483635,33.0,16.0,1.7333273743521065,0.7637534433150271
2587,01_21_a0121140100000300033A,0.5,0.27748245780694303,27.0,18.0,1.421070054974397,0.9640544537429714
2588,01_21_a0121140100000800034z,0.5,0.5014053985606244,23.0,14.0,1.4179711438864684,0.9367222194973104
2589,01_21_a0121140100000800039z,0.6666666666666666,0.6185725389958495,28.0,11.0,1.0175892886947766,1.0390232290577526
2590,01_21_a0121140100000800049z,0.8333333333333334,0.4519928531556439,37.0,17.0,0.13762523237112592,0.9066052483502568
2591,01_21_A0121140210000100024z,0.5,0.42948720381415895,25.0,13.0,1.7328361184383838,0.8927335962797907
2592,01_21_A0121140210002600051A,0.6666666666666666,0.4192860003736328,21.0,12.0,1.0088448123644074,0.7565981292864628
2593,01_21_a0121140210003400026A,0.5,0.3693224232722857,32.0,17.0,1.4183974147697498,0.9566954967140948
2594,01_21_a0121140210003400026B,0.5,0.1904701250669666,35.0,18.0,1.4183774713313408,1.0024314538775454
2595,01_21_A0121140220000400034z,0.5,0.4604645061239783,34.0,16.0,1.0041258107972022,0.8593738225276615
2596,01_21_A0121140220000600033C,0.6666666666666666,0.14703354410560066,28.0,13.0,1.001601425957947,0.6907316464859206
2597,01_21_A0121140220000600046A,0.5,0.3912018790479931,41.0,19.0,1.4179537640567792,0.7777732973047419
2598,01_22_A0122122010000500025z,0.3333333333333333,0.2633184402806496,27.0,16.0,2.000658944873458,0.7116324689810963
2599,01_22_a0122122010000900023z,0.3333333333333333,0.2372040141662235,27.0,16.0,2.0006232929379526,0.7042449914999027
2600,01_22_A0122122030000100026z,0.3333333333333333,0.5176212813127418,30.0,17.0,2.001684001750887,0.7898499439122801
2601,01_22_a0122122040000200032A,0.5,0.3015198925446019,23.0,14.0,1.4147867650853976,0.6578720391110477
2602,01_22_a0122122040003800033z,0.5,0.24135145385271195,59.0,25.0,1.0010176832647208,0.8342135068696319
2603,01_22_A0122122050000200032z,0.5,0.44013246487480095,36.0,12.0,1.002597578422208,0.8972923785377241
2604,01_22_A0122122050002300032z,0.6666666666666666,0.17319857592386662,27.0,12.0,1.0054971837677549,0.71022332370389
2605,01_22_A0122122050002500040z,0.8333333333333334,0.1465457398353509,30.0,10.0,0.08054829280468914,0.6222844347453936
2606,01_22_a0122122060000600024z,0.3333333333333333,0.389515605799293,25.0,16.0,1.7326149999481737,0.5688295095047221
2607,01_22_A0122122060000600032z,0.5,0.32094632367161435,29.0,13.0,1.4169435098648417,0.8614045039986818
2608,01_22_A0122122060000600033z,0.5,0.13180959646699694,41.0,20.0,1.001548372662996,0.7284509167629315
2609,01_22_A0122122060000600044z,0.8333333333333334,0.1779453928274754,25.0,9.0,0.09863447477509472,0.7762911068132647
2610,01_22_A0122122080000500035z,0.6666666666666666,0.5630768790479931,31.0,8.0,1.415945562107825,0.8237450441815409
2611,01_22_a0122122080001400033z,0.6666666666666666,0.2776639553688521,23.0,14.0,1.0006675205421824,0.6076712849449152
2612,01_22_A0122122080001900023z,0.5,0.31028601138717216,28.0,13.0,1.4168906247189212,0.8667688750411406
2613,01_22_A0122122080001900032z,0.5,0.2953173822301729,28.0,11.0,1.4168153317493153,0.8396813331271443
2614,01_22_A0122122080002100033b,0.5,0.477367133473954,30.0,12.0,1.4166102923131851,0.9353370460571944
2615,01_22_A0122122090000300025z,0.3333333333333333,0.5473868266746174,29.0,16.0,2.001310567963322,0.9461040290559016
2616,01_22_A0122122090000300032z,0.5,0.29218509704750617,23.0,15.0,1.4143782464717924,0.520924160583431
2617,01_22_A0122122090000300042a,0.6666666666666666,0.07922079132108201,21.0,8.0,1.0007486468198716,0.6495537320669283
2618,01_22_A0122122090000600022z,0.5,0.16254461111525964,27.0,14.0,1.4146262364293718,0.7459830198121619
2619,01_22_a0122122090002100039z,0.5,0.21202408730699324,32.0,19.0,1.0031671990916249,0.8841115894686404
2620,01_22_A0122122100000800033z,0.5,0.12370682778795515,35.0,14.0,1.4165268198580172,0.7874851287344311
2621,01_22_a0122122120002800025A,0.5,0.2456447857722349,31.0,14.0,1.0012028991122244,0.7372053688544299
2622,01_22_a0122122120003000063A,0.5,0.8712414841147429,80.0,45.0,0.1530359450791063,1.0434182472939308
2623,01_22_a0122122120003100032B1,0.5,0.3803729377857285,47.0,22.0,1.0145437724526891,1.0071345130972518
2624,01_22_a0122122120003100051A2,0.6666666666666666,0.5025536334309414,51.0,22.0,0.09749616974301097,0.8991374914844057
2625,01_22_a0122122120003200025C,0.6666666666666666,0.2523465902533325,30.0,17.0,1.007300706034165,0.8609668733609639
2626,01_22_a0122122120003200035E2,0.5,0.6383534485384166,44.0,24.0,1.0120277736706074,1.0165877102512353
2627,01_22_a0122122120003400031B-,0.5,0.38547487990891016,37.0,21.0,1.010785291353078,1.0095906666588237
2628,01_22_a0122122120003500031B,0.6666666666666666,0.5986853230015228,34.0,12.0,1.0032390513980405,0.9643899403327548
2629,01_22_a0122122120003500037A,0.6666666666666666,0.4363911509197068,51.0,27.0,0.059983996393682834,0.9234962168539166
2630,01_22_a0122122120003500037C,0.5,0.262883254366167,36.0,18.0,1.0036051535136576,0.7988160648466482
2631,01_22_a0122122120003500061H,0.8333333333333334,0.513217003442294,35.0,17.0,0.04578575060022127,0.7548300302715529
2632,01_22_a0122122120003600031G,0.5,0.3968137794732807,41.0,19.0,1.0050244457941602,0.8603299120222362
2633,01_22_a0122122120003700049A,1.0,0.3372794508112749,24.0,12.0,0.08798509239591039,0.7762116663950501
2634,01_22_a0122122120003800032A,0.8333333333333334,0.25062930228727504,23.0,12.0,1.0023849457069114,0.7284903843082142
2635,01_22_a0122122120004000032A,0.8333333333333334,0.246568642129381,23.0,9.0,1.0018785481870656,0.7243880656152984
2636,01_22_a0122122120004000038A,0.8333333333333334,0.2566611985783682,21.0,13.0,1.0021121983962509,0.7491990545001868
2637,01_22_a0122122120004000038T,0.6666666666666666,0.2924933919315628,31.0,17.0,1.0045681835600266,0.7312672262291857
2638,01_22_a0122122120004000051PT,0.8333333333333334,0.6755024675850696,83.0,32.0,0.21302323794644415,1.0843989469018191
2639,01_22_a0122122120004400032A,0.6666666666666666,0.25697645385271195,25.0,10.0,1.4156471809634197,0.7198962227140907
2640,01_22_a0122122120004400033TB1,0.8333333333333334,0.2599243751805954,25.0,13.0,1.0021873158640606,0.8000794490256115
2641,01_22_a0122122120004400039A,0.8333333333333334,0.25188291943594354,21.0,8.0,1.0020656106715775,0.745940430272607
2642,01_22_a0122122130000100025A,0.5,0.2300197857722349,32.0,14.0,1.000900950778898,0.7347108742241636
2643,01_22_a0122122130000100033B,0.6666666666666666,0.4376384975183935,22.0,15.0,1.00564521180116,0.7879734963811423
2644,01_22_a0122122130000100040A,0.6666666666666666,0.3543265915742879,31.0,14.0,0.07032416165275482,0.7737614975584282
2645,01_22_a0122122130000100040A1,0.6666666666666666,0.3452668089295996,35.0,14.0,0.08335782248961424,0.7687994458420327
2646,01_22_a0122122130000200023C,0.6666666666666666,0.2548992468950989,31.0,15.0,1.0070610782238512,0.894347795249818
2647,01_22_a0122122130000200032A,0.5,0.2743257965570267,31.0,16.0,1.000801532286842,0.7800742643901106
2648,01_22_a0122122130000200032D,0.5,0.2342057033554127,36.0,15.0,1.0019072393955348,0.7925137332744522
2649,01_22_a0122122130000200032E2,0.8333333333333334,0.6265196180025306,20.0,14.0,1.0117639411540786,0.9834514828880404
2650,01_22_a012212213000300025B,0.6666666666666666,0.5081790388263461,21.0,10.0,1.4176035183998053,0.9512565089710278
2651,01_22_a012212213000300037E,0.5,0.6125823357725655,44.0,24.0,1.0145037214915409,0.9763572810954948
2652,01_23_A0123110011000200029z,0.5,0.3855401654242304,27.0,13.0,1.4154894857159308,0.8877955607541601
2653,01_23_A0123110012000300033z,0.5,0.3726891252670103,33.0,18.0,1.4163718216398962,0.9076557093357814
2654,01_23_a0123110044000100039z,0.6666666666666666,0.20993261784054607,22.0,10.0,1.000783434511153,0.6772783665014784
2655,01_23_a0123110044000100048z,0.6666666666666666,0.3290294907312915,33.0,18.0,1.0054637926847705,0.8362395774682515
2656,01_23_A0123110070000800055B,0.6666666666666666,0.3729848678976586,31.0,15.0,0.16967408514759008,0.7156131757643325
2657,01_23_A0123110140000100012A,0.3333333333333333,1.0548215698348629,40.0,25.0,2.0063240009614667,1.3974247060092682
2658,01_23_A0123110140000100015B,0.3333333333333333,0.7383284116419375,46.0,27.0,2.0127890862462587,1.451456629428887
2659,01_23_a0123110140000100017b1,0.3333333333333333,1.105468563157089,41.0,24.0,2.0068436879901017,1.3456777907663908
2660,01_23_A0123110140000100017D,0.3333333333333333,0.7383284116419375,46.0,27.0,2.013164858330732,1.4514195331437332
2661,01_23_A0123110140000100025F,0.5,0.21123099284436486,32.0,19.0,1.7333855751150584,0.798110952595975
2662,01_23_A0123110140000100035K,0.3333333333333333,0.4085994753546289,30.0,22.0,2.001229573782076,0.9302950598424976
2663,01_23_A0123110410000100041E,0.3333333333333333,0.4870045785372672,38.0,19.0,1.004510869823288,1.0247696711056304
2664,01_23_A0123110520000100037B,0.6666666666666666,0.3646507155635063,33.0,12.0,1.0016445816790127,0.8704467633659032
2665,01_23_A0123110520000300032b,0.5,0.2772082907885809,24.0,15.0,1.4143712160094717,0.6701509748266541
2666,01_24_a0124100014000300031A,0.5,0.7392015123762552,42.0,24.0,1.0068230097965598,1.1633382098989584
2667,01_24_a0124100014000300031B,0.3333333333333333,0.4318894203827833,39.0,22.0,1.4160999765238254,0.9279451425226228
2668,01_24_a0124100014000300053z,0.5,0.1271114573746816,66.0,36.0,1.0040763009797935,0.9424168501691316
2669,01_24_a0124100014000300054z,0.6666666666666666,0.39743459646699697,64.0,32.0,1.0049892859016254,0.9671825601367736
2670,01_24_a0124100014000300062z,0.6666666666666666,0.5483960800136342,52.0,35.0,1.0072544817372178,1.0220242219210998
2671,01_24_a0124100440001000032A,0.5,0.20802335472851616,22.0,13.0,1.4157617731901484,0.6392251526895343
2672,01_24_a0124100450000400043z,0.6666666666666666,0.09904813540318558,23.0,8.0,0.029928257288471295,0.6584240042594477
2673,01_25_A0125131130000100025z,0.3333333333333333,0.523737489263812,28.0,16.0,2.001344781110604,0.8285498416860404
2674,01_25_A0125131130000100031z,0.6666666666666666,0.5465919806237473,25.0,8.0,1.41729699798855,0.8409495587339658
2675,01_25_a0125131130000100045z,1.0,0.07218263826409332,12.0,6.0,0.04818216873483062,0.6771052011231524
2676,01_25_a0125131130000700032z,0.6666666666666666,0.09297152200555453,20.0,14.0,1.0003630448915244,0.4942308222032797
2677,01_25_a0125131130001300033z,0.6666666666666666,0.29678815555166743,23.0,14.0,1.4154652252828732,0.6597831184557966
2678,01_25_a0125131130001400029z,0.3333333333333333,0.5420861131170229,29.0,16.0,2.0017267884355343,0.8465000747859761
2679,01_25_A0125131130001600025z,0.3333333333333333,0.5298536972148824,28.0,16.0,2.001375997031098,0.8280321886218961
2680,01_25_a0125131130001900026z,0.3333333333333333,0.5955977494618113,28.0,16.0,2.0017023135465157,0.8826004119261807
2681,01_25_A0125131130002400017z,0.3333333333333333,0.7153631680349891,34.0,19.0,2.007277734481522,1.0962234101457409
2682,01_25_A0125131130002400021z,0.16666666666666666,0.4812899605777513,36.0,20.0,2.0032260303662883,0.8658636618810249
2683,01_25_A0125131130002400025z,0.16666666666666666,0.4841143322782037,36.0,20.0,2.0033035806832857,0.8665961394371909
2684,01_25_A0125131130002500014z,0.3333333333333333,0.8304179749777323,36.0,19.0,2.0086643684305274,1.1362790615744196
2685,01_25_A0125131130002500017z,0.3333333333333333,0.7539227743870356,36.0,19.0,2.0091625553423644,1.1086895762253448
2686,01_25_A0125131130002500022z,0.3333333333333333,0.4812899605777513,33.0,16.0,2.002718909407792,0.8513565238519616
2687,01_25_A0125131130002800024z,0.3333333333333333,0.5334893378545279,29.0,16.0,2.001266620793009,0.8208809250591285
2688,01_25_A0125131130002800033z,0.5,0.09895556974722823,25.0,14.0,1.4147444809154606,0.4935732171613453
2689,01_25_A0125131130003100028z,0.3333333333333333,0.4698939491817399,29.0,16.0,2.000904915070965,0.7801812748462329
2690,01_25_A0125131130003100032z,0.5,0.2427576482390532,23.0,15.0,1.4142850312884625,0.6687517255772093
2691,01_25_A0125131130003200023A,0.3333333333333333,0.4755919548797456,29.0,16.0,2.0007453889628817,0.7934640064673848
2692,01_25_A0125131130003200032A,0.5,0.4134881811282445,29.0,16.0,1.4156029741007263,0.8604554384585924
2693,01_25_A0125131130003200042z,0.6666666666666666,0.060087415746321586,12.0,6.0,1.000243413731855,0.6291449899043894
2694,01_25_a0125131130003300025z,0.5,0.4584979377857285,26.0,15.0,1.7335388110573262,0.7299808219963929
2695,01_25_a0125131130003500025A,0.5,0.6404569002324958,24.0,14.0,1.7382510978149204,1.009823315871373
2696,01_25_a0125131130003500032z,0.6666666666666666,0.20591518425420835,22.0,11.0,1.4165291081898312,0.8016947783090641
2697,01_25_A0125131130004200031A,0.5,0.279102268026033,38.0,13.0,1.0022917614284086,0.7902160090481644
2698,01_25_A0125131130004300023z,0.5,0.19773630802996014,35.0,18.0,1.4151745893110923,0.7736087906128762
2699,01_25_A0125131140000400038z,0.6666666666666666,0.2634129282071844,23.0,10.0,1.0013539724472398,0.7374660998099688
2700,01_25_a0125131140000600033z,0.5,0.15532049101784662,25.0,15.0,1.4143499895955922,0.5069871636121382
2701,01_25_a0125131140000600045z,0.8333333333333334,0.2933142669653754,25.0,9.0,0.05224461678566463,0.6420528657566539
2702,01_25_A0125131140001000017z,0.6666666666666666,0.745928225216016,32.0,18.0,1.430821299725733,1.2362630956797658
2703,01_25_A0125131140001000021z,0.5,0.4433601842283563,23.0,15.0,1.735199304140222,0.9761338066709352
2704,01_25_A0125131140001000025z,0.3333333333333333,0.3877117468950989,28.0,15.0,2.002473647383343,0.9375170669643054
2705,01_25_a0125131140001500027z,0.5,0.3780478674622404,23.0,13.0,1.7336975910796075,0.6980367716575749
2706,01_25_A0125131140001600025z,0.3333333333333333,0.5135618512567216,26.0,16.0,2.0009054405151083,0.8216457967041609
2707,01_25_a0125131140002300024z,0.3333333333333333,0.5622945243409357,31.0,16.0,2.001130668893424,0.8952102337678254
2708,01_25_A0125131140003000022A,0.3333333333333333,0.4591169411902472,34.0,18.0,2.001650088205801,0.8499794952374916
2709,01_25_a0125131140003000022b,0.5,0.5039344457222364,29.0,17.0,1.734316246428869,0.9808590425437252
2710,01_25_A0125131140003100031C,0.6666666666666666,0.4104181957745881,27.0,10.0,1.4178822759923615,0.8773530234066487
2711,01_25_A0125131200000100015z,0.3333333333333333,0.5202636309713612,32.0,19.0,2.0026994366578967,0.9782745482882096
2712,01_25_A0125131200000100025z,0.5,0.3983010320192024,26.0,13.0,1.7330204251213277,0.7128559663709085
2713,01_25_A0125131200000100031z,0.8333333333333334,0.30267207632299986,26.0,5.0,1.003134964253357,0.8640568179779191
2714,01_25_a0125131200000200019z,0.5,0.6486949960063106,31.0,17.0,1.7366099205556502,0.9667018289754004
2715,01_25_A0125131200000700035z,0.6666666666666666,0.5359050115723755,32.0,12.0,1.0031013194058434,0.8504847585532709
2716,01_25_A0125131200000800029z,0.3333333333333333,0.5600852393730301,30.0,17.0,2.0015414978138857,0.820729955146271
2717,01_25_a0125131200001300035z,0.8333333333333334,0.2123267877982692,22.0,10.0,1.0049834752589453,0.7646946064101451
2718,01_25_a0125131200001600031A,0.6666666666666666,0.3023601130617292,23.0,12.0,1.0005806729908342,0.6820317233492424
2719,01_25_a0125131200001700025z,0.5,0.29300304139382216,23.0,14.0,1.7324832753476471,0.686483040218359
2720,01_25_a0125131200001700033z,0.5,0.2107118970491064,34.0,11.0,1.000402298674799,0.5768535602878531
2721,01_25_A0125131200002500021z,0.3333333333333333,0.5135618512567216,48.0,16.0,1.4162790699900647,1.0065338459784632
2722,01_25_a0125131200002500032z,0.5,0.2862244860553095,34.0,8.0,1.0024243477135493,0.829575602359132
2723,01_25_A0125131200002500033z,0.6666666666666666,0.4550257155635062,22.0,11.0,1.000513641076527,0.7035588953473387
2724,01_25_a0125131200002500042z,0.6666666666666666,0.22065071556350624,37.0,11.0,0.045125275707323165,0.7952657167404137
2725,01_25_a0125131200003200025z,0.3333333333333333,0.4157910392549663,24.0,14.0,1.7353293480318723,0.9629326532514324
2726,01_25_A0125131200003500024A,0.3333333333333333,0.5388133384136291,32.0,16.0,1.4161799608277612,0.9057496857341392
2727,01_25_A0125131200003500024B,0.5,0.11503976802603301,37.0,16.0,1.0022511095118696,0.8692844298365281
2728,01_25_A0125131200003500024C,0.6666666666666666,0.24012845528953364,25.0,10.0,1.0024294175392583,0.7561888981703347
2729,01_25_A0125131200003500032z,0.6666666666666666,0.24756626366194026,44.0,18.0,1.0018998987157393,0.7953768390916052
2730,01_25_A0125131200003700031A,0.5,0.467261631056464,30.0,11.0,1.4165887433687498,0.9166559484682928
2731,01_25_A0125131200004000031A,0.8333333333333334,0.1854562439392401,21.0,10.0,1.0039231102316786,0.6827885445910649
2732,01_25_A0125131200004000031B,0.5,0.4308218667896643,34.0,12.0,1.4164865828390791,0.937960544186332
2733,01_25_a0125131200004100032z,0.6666666666666666,0.15720035778175312,27.0,12.0,1.0029102830581589,0.7069170662414417
2734,01_25_A0125131200004700029z,0.5,0.13386727607306034,46.0,15.0,1.0024776192630929,0.8773550492639851
2735,01_25_A0125131200004700031A,0.5,0.4783506435173968,40.0,18.0,1.0024638973025364,0.9514570378785372
2736,01_25_A0125131220001100033z,0.6666666666666666,0.1990174094632884,32.0,13.0,1.0037527837850206,0.74346631106314
2737,01_25_A0125131220001100042z,0.6666666666666666,0.18940071556350624,36.0,22.0,0.14404638759717014,0.716233584708188
2738,01_25_a0125131220001600025z,0.3333333333333333,0.6091570714957096,29.0,18.0,1.7380022997905609,0.9395703622320116
2739,01_25_a0125131220001600033z,0.5,0.2046839033112669,22.0,14.0,1.414597356872081,0.5428254318157812
2740,01_25_a0125131230001000024z,0.3333333333333333,0.4777617836749614,31.0,16.0,2.002376758432222,0.8089413566175154
2741,01_25_a0125131230001000032z,0.5,0.28747599833046084,23.0,15.0,1.4144529840906237,0.6652422248145332
2742,01_25_A0125131230001200030z,0.6666666666666666,0.38511426792490255,20.0,8.0,1.4152605737165984,0.6962621301369879
2743,01_25_a0125131230001500023z,0.3333333333333333,0.4759678797426107,34.0,17.0,1.7339724926171889,0.9728189368067808
2744,01_25_A0125131230001700031A,0.8333333333333334,0.2575071380688141,21.0,8.0,1.0044982573257977,0.7315049957729822
2745,01_25_a0125131230001700031C,0.5,0.4048382155635062,30.0,12.0,1.4156072788079055,0.8915927093172964
2746,01_25_a0125131230001800048z,0.6666666666666666,0.2603656395766807,25.0,12.0,1.0008849416021233,0.405476289324578
2747,05_03_a0503405300000800026z,0.5,0.17761543575815342,36.0,13.0,1.0019239539055549,0.4716284089594469
2748,09_01_A0901210010000400031A,0.5,0.2589477256499616,29.0,16.0,1.4197496443871525,0.8018966376978862
